3988
300 3910
214 4673
15 1
206 31
206 81
282 31
300 5440
56 31
94 901
149 81
300 7940
119 21
300 6980
28 71
143 61
272 71
272 91
234 1
276 31
162 31
211 81
106 1146
132 91
215 21
262 31
134 51
136 91
180 61
300 9130
300 5690
262 21
181 21
145 11
299 21
149 91
113 11
93 91
300 2280
37 139
300 6930
101 51
300 6060
232 41
300 11
188 3606
74 31
212 61
92 91
300 7520
300 6030
300 3610
300 3900
98 980
201 11
145 91
258 1
98 81
72 21
150 2295
240 41
258 71
300 8170
213 91
106 81
79 61
300 8890
21 1
214 1
31 41
168 91
155 41
222 41
258 61
204 21
218 81
70 51
300 5190
227 21
300 6230
291 41
300 880
192 81
300 4750
79 31
80 41
208 71
145 61
300 3490
107 21
300 4000
300 8920
251 81
120 41
85 737
300 6910
223 21
300 6390
300 7800
44 41
300 2610
268 41
269 91
23 1
300 4590
142 11
206 61
296 11
121 71
140 31
170 71
300 1760
144 71
117 41
300 4270
232 51
44 51
232 5492
300 4080
300 5900
300 4370
206 11
109 1
48 21
98 91
300 7320
114 31
121 41
77 1
300 7210
46 215
54 61
287 1
280 61
300 4950
146 71
41 11
64 21
282 11
155 1
246 51
91 81
300 6330
78 41
231 91
259 91
300 2130
203 91
300 4380
300 1880
147 2205
300 4930
196 91
164 31
37 21
300 8590
169 2914
185 1
300 190
210 41
300 2250
300 4410
238 5780
71 514
300 6420
273 81
300 6960
285 11
86 41
300 1410
262 61
230 51
50 91
154 41
247 41
118 41
163 1
300 4770
300 870
213 61
207 41
208 31
51 1
300 6730
127 71
300 2580
300 6550
295 71
176 3160
73 91
46 21
224 31
123 51
238 81
300 240
286 8346
185 51
194 11
100 31
263 21
174 91
213 81
137 71
300 8010
76 41
141 31
63 41
188 61
216 21
260 1
300 7510
89 81
59 81
300 6260
300 5540
52 41
188 41
72 1
287 41
300 4070
177 71
254 91
216 71
245 31
300 2070
300 350
199 91
13 1
300 3760
216 31
264 41
300 4660
153 91
291 31
90 91
300 2750
80 91
291 8640
300 4810
279 21
300 2680
172 91
280 71
299 1
56 1
112 81
108 81
160 2612
254 71
62 81
53 286
110 11
92 11
218 4849
107 71
275 21
250 51
300 4030
300 5620
156 71
59 71
300 2120
144 81
300 4720
65 31
262 81
257 31
300 7300
200 1
274 11
300 7980
139 41
300 8330
185 71
237 41
228 71
269 71
206 51
147 81
300 1110
102 61
249 61
101 31
293 91
196 1
256 31
251 11
300 6350
108 51
171 91
17 1
183 41
300 2210
300 3170
298 1
177 91
95 920
177 51
163 51
119 91
28 61
21 31
300 4470
222 91
300 3960
46 91
269 41
172 61
181 81
190 81
133 61
49 81
209 31
300 8270
171 61
300 6450
300 3440
300 8400
171 2983
96 21
222 61
40 91
74 558
298 81
49 245
166 81
300 7600
227 31
77 41
86 51
300 580
66 71
300 5430
179 51
242 21
88 91
148 91
239 51
108 1
218 61
210 31
300 7020
115 91
75 1
39 31
249 51
38 61
266 31
287 31
300 7750
274 81
113 71
245 71
152 61
268 7328
267 7274
31 81
300 6800
190 3683
251 31
300 3920
194 3840
300 7080
260 31
216 61
298 71
300 2630
174 81
178 91
31 91
31 21
173 3053
202 1
76 31
285 71
174 11
100 61
300 5040
300 3470
248 91
300 9090
300 7180
300 7120
118 71
189 81
81 71
155 61
274 31
300 6320
138 1
180 11
54 21
220 51
143 81
258 6792
67 11
300 6270
94 1
300 3740
149 51
73 81
300 2340
111 71
30 1
255 41
255 71
190 91
254 11
98 61
246 71
67 91
30 11
131 81
105 11
141 71
12 11
300 1270
264 1
259 1
281 91
19 21
157 11
300 2780
199 81
300 6040
223 91
42 1
43 41
208 81
300 1020
300 8390
275 71
107 31
78 61
300 3580
219 91
35 71
300 1600
50 31
52 31
86 11
183 31
300 1530
35 1
300 680
300 1780
300 31
98 980
141 2028
24 1
203 71
243 1
151 1
186 21
99 31
149 2265
71 11
292 71
117 1396
300 7560
104 91
300 4610
207 31
63 1
171 1
140 71
264 61
234 5587
300 2560
114 1326
94 71
25 61
163 21
172 41
292 31
300 7460
93 41
263 71
159 81
142 81
281 51
207 71
115 1349
245 1
140 61
205 81
215 91
91 71
280 8000
300 4320
32 31
210 4500
152 11
61 91
297 9000
299 71
138 81
300 6940
300 7870
243 81
95 1
300 770
244 31
106 41
93 1
230 91
300 1510
140 91
198 21
295 51
162 51
201 4122
232 1
289 8522
144 2115
69 91
78 91
224 81
300 1470
300 7790
240 1
141 41
132 1
5 1
264 51
116 51
103 1
48 51
147 51
268 71
64 417
155 91
300 2740
170 61
184 3454
135 81
300 950
300 2530
148 41
11 11
225 21
286 51
137 91
300 8110
254 1
289 91
164 91
37 91
138 21
61 51
300 7140
167 51
290 1
300 61
60 71
193 3800
154 81
247 1
199 41
91 21
256 11
300 5810
300 8700
34 117
202 21
107 41
237 91
279 1
300 6440
300 4730
157 81
206 21
142 21
222 11
300 4620
176 61
172 31
49 51
160 51
300 1420
300 7050
245 6125
121 61
122 91
300 890
168 81
259 31
136 21
300 160
92 41
299 1234
300 2830
224 11
160 21
90 11
54 41
300 9050
281 71
82 51
298 91
174 21
300 5590
300 8350
300 1700
300 5020
266 41
134 21
99 1
107 11
233 21
103 1082
300 7570
62 41
125 11
300 4420
300 8190
131 31
287 21
166 41
267 61
300 3350
180 41
128 31
300 2940
256 1
240 81
300 6090
128 81
277 21
14 1
172 51
122 1518
234 81
246 41
217 1
300 1210
105 31
114 71
295 41
67 51
97 61
273 21
273 31
122 21
117 21
82 91
52 275
297 1
45 31
254 21
93 61
123 21
25 41
173 61
22 21
202 4163
300 6250
67 81
136 41
155 51
291 71
98 41
280 91
157 71
131 11
29 11
257 61
300 3830
212 51
118 21
300 6020
77 605
100 81
55 31
151 71
274 7660
27 31
300 1120
109 51
69 81
112 11
47 21
133 1805
205 11
300 2270
156 21
258 31
300 4190
192 41
81 81
128 91
215 71
85 1
148 1
220 91
55 1
253 31
181 41
300 6110
250 81
300 5650
52 91
161 81
251 91
211 41
241 51
79 1
257 41
289 1
62 392
300 3060
300 8320
282 41
42 11
206 1
175 91
26 41
221 91
35 61
145 41
95 91
177 3196
187 3568
300 8220
291 91
100 1
300 4970
287 51
284 11
40 1
145 2145
257 6739
157 31
300 3320
212 71
300 2400
188 81
300 8060
178 11
230 21
136 71
193 11
203 1
283 8172
39 21
300 7640
30 21
30 31
300 2990
87 71
161 1
23 41
294 71
37 31
184 61
92 31
201 1
230 31
269 21
300 2820
69 21
300 6630
300 2240
166 91
204 91
88 1
300 7730
153 2388
300 7060
227 91
300 4600
55 41
178 1
177 61
258 21
147 11
177 11
259 21
72 41
121 91
175 11
216 11
300 6900
286 71
217 41
217 91
284 91
265 71
96 940
265 31
90 61
300 7350
49 91
24 31
300 4170
137 1
115 1
277 7829
129 71
194 81
300 3070
86 71
83 61
94 11
137 31
300 4220
300 740
112 21
155 31
201 41
42 51
300 5050
195 81
300 2700
284 8230
214 81
300 3310
75 11
300 4700
213 1
300 6190
108 31
52 21
37 51
289 21
300 3520
300 7030
148 2235
259 41
37 61
97 81
38 81
69 41
203 21
291 51
185 41
110 41
300 9120
101 41
113 1302
45 51
219 81
134 1832
262 11
71 81
275 1
154 2420
46 61
58 11
142 1
138 61
248 21
300 3020
300 3990
112 91
134 11
269 11
300 3670
88 790
300 820
294 41
285 81
196 81
135 51
300 6570
270 81
165 81
300 8450
101 1
53 21
238 61
300 5450
197 91
223 5074
300 1650
150 21
282 8114
145 71
156 51
195 11
300 4480
300 3930
288 31
79 71
49 31
71 41
300 3710
105 51
118 51
300 8420
223 81
35 51
261 91
135 1859
300 2140
300 2540
287 61
300 4990
300 4790
300 5850
118 61
88 81
212 21
265 21
300 1740
300 360
300 5480
300 2510
168 1
80 653
300 1250
256 61
60 61
225 31
70 21
273 71
116 71
119 41
18 1
300 1130
195 21
300 9080
300 6380
300 5780
129 41
166 2811
33 111
39 61
300 7330
32 1
300 4630
261 61
175 31
17 21
300 21
252 81
283 31
56 71
300 4520
288 11
299 91
133 51
300 3280
181 3342
248 61
300 3080
210 21
285 1
122 61
29 81
137 11
300 4390
275 41
206 41
150 91
66 91
237 5731
29 51
267 31
292 91
257 91
271 1
278 7886
54 1
300 3770
300 2910
184 31
197 21
184 41
248 31
193 71
300 810
229 81
293 71
203 41
300 3050
257 51
300 8560
77 51
250 61
300 8530
300 7760
95 71
300 2760
75 61
112 71
300 4430
78 81
55 61
252 1
300 4740
300 8810
300 5570
99 1000
300 930
207 4372
93 71
300 6340
300 4120
202 61
300 6460
221 4983
269 1
219 61
195 51
219 4893
300 8990
28 11
157 41
180 51
300 7240
192 1
167 31
91 61
135 31
300 1000
286 31
250 11
300 4800
116 11
150 61
300 7810
91 845
71 31
220 11
300 5420
143 71
300 730
300 6530
26 1
240 5877
260 91
300 1150
65 41
300 4530
117 81
233 81
129 81
300 220
231 5445
240 61
232 81
300 6280
155 71
278 1
300 3800
300 2030
226 11
137 81
294 21
265 61
68 11
261 6951
87 1
85 31
191 91
300 3970
263 1
300 5110
264 7111
300 1360
300 6170
69 61
298 31
108 1190
210 91
279 41
201 21
300 3720
212 81
215 81
249 31
103 61
251 71
111 81
300 340
209 81
257 81
300 5360
300 210
300 320
300 5060
300 6870
77 91
118 91
85 41
297 61
262 41
271 11
134 91
183 61
278 31
189 41
86 61
70 61
85 11
91 41
241 61
279 31
78 1
114 51
64 1
50 11
300 8770
234 71
54 71
51 71
300 1030
106 51
300 1190
300 2670
222 51
92 51
300 3110
300 8150
300 8620
124 41
159 41
175 1
300 4160
293 1
300 1570
97 1
296 41
201 31
228 31
138 91
300 1560
44 71
182 3380
212 31
195 1
300 6050
84 21
164 41
300 6220
221 11
89 61
258 41
176 21
300 3260
73 61
249 91
204 81
281 31
92 61
160 91
103 71
129 51
75 31
215 31
128 51
102 71
241 31
273 1
194 1
300 6610
158 31
62 11
116 91
138 31
66 11
135 71
62 21
138 1943
300 8520
300 7850
208 41
219 1
177 81
13 11
248 11
150 1
300 7370
300 180
300 7620
51 91
241 91
300 6810
286 91
103 11
75 41
247 11
217 51
142 61
205 1
85 81
154 21
128 61
48 61
39 1
60 367
255 21
217 4805
293 51
300 3600
285 21
300 7720
186 3530
164 21
292 8700
159 21
164 11
178 21
179 61
250 31
241 21
112 61
29 61
172 3018
222 31
77 31
300 5120
109 81
284 51
32 51
300 8710
78 51
144 11
111 61
281 61
112 1
300 8870
176 71
86 81
240 91
267 1
45 71
130 81
175 3125
300 330
300 370
213 31
300 9160
300 5940
212 41
218 21
48 71
244 11
150 71
43 81
174 1
167 21
277 51
241 1
300 8360
275 7716
300 4760
285 91
300 91
300 620
300 8120
54 31
153 81
116 61
216 4760
71 61
160 61
299 31
300 610
126 1620
300 5970
215 61
104 71
300 1010
153 1
120 31
126 11
300 3890
96 11
153 61
300 6750
294 1
212 91
300 7340
201 61
300 5840
203 61
31 51
136 51
300 8780
84 1
211 21
300 3210
122 31
281 11
210 61
300 1750
180 31
300 2490
300 2890
41 1
156 61
29 41
239 91
72 81
256 21
300 9110
107 81
58 51
36 41
300 4150
300 4450
300 4710
101 61
273 7605
275 51
300 7130
28 41
146 11
36 81
300 6520
158 11
117 61
43 1
300 5680
56 91
106 21
67 71
300 6080
72 91
202 81
105 71
154 11
222 81
290 81
295 8880
39 91
300 470
300 6560
90 1
300 6370
158 71
75 81
69 71
300 1040
300 6120
37 71
57 21
166 21
144 1
230 81
300 6070
186 11
55 71
222 1
300 4690
300 5400
118 1420
193 81
228 51
97 41
295 31
300 4050
300 8300
60 91
300 2900
106 91
294 31
300 8550
133 71
30 71
129 31
84 31
21 11
113 1
274 1
300 7190
300 5170
297 11
300 7970
95 31
234 41
161 71
211 91
246 81
173 11
300 670
126 41
248 71
181 1
161 21
96 41
223 1
300 2590
123 1
269 81
148 71
210 81
231 81
204 11
89 91
162 1
112 41
126 61
276 11
300 8730
202 71
158 21
300 1930
61 1
126 21
149 41
46 81
208 91
127 81
68 81
300 2350
101 81
244 41
65 81
121 1493
238 71
222 5028
300 1440
228 21
181 51
300 1230
233 1
300 7480
221 31
196 61
300 380
161 91
159 91
156 81
263 61
27 51
300 5580
300 8100
242 31
110 31
200 51
62 71
128 1671
179 41
300 7900
180 1
76 11
252 51
45 11
114 41
233 11
228 81
130 41
261 41
279 81
245 41
191 51
76 1
188 51
59 61
186 1
211 11
246 1
6 1
300 2260
300 2860
122 71
300 2710
300 4890
68 61
300 2880
131 51
56 61
135 1
47 61
51 81
300 720
100 41
253 11
281 1
53 81
90 31
283 61
300 2640
217 31
100 91
58 1
288 71
287 11
103 31
114 61
272 51
146 31
80 11
161 41
300 7700
287 91
280 1
270 41
181 91
264 21
33 61
38 21
44 11
116 1373
40 81
120 51
104 1
53 11
176 51
194 91
300 8490
65 21
219 31
216 1
300 6010
300 7440
300 3200
103 51
249 41
14 11
81 41
89 808
225 81
35 41
291 81
63 405
224 1
300 8430
150 31
60 51
300 1160
74 81
300 1660
142 51
232 71
235 71
45 1
139 1
187 81
82 71
290 31
300 2800
52 1
112 1280
85 91
300 8970
221 71
162 41
300 3380
300 5090
300 2850
300 3460
77 11
269 51
31 61
134 61
169 31
105 41
230 1
300 1
123 41
204 4246
300 2370
132 61
113 61
249 81
144 91
99 71
96 71
86 21
85 71
300 3480
68 71
253 1
186 71
230 61
300 2690
148 61
34 81
283 81
44 197
300 7840
19 31
288 51
44 1
58 81
300 8340
279 7942
236 5683
124 71
216 81
300 4110
133 11
75 51
117 71
151 91
300 3390
211 1
140 81
224 61
255 51
82 31
192 21
67 61
124 91
244 61
271 31
276 7773
97 71
230 71
134 1
120 1469
139 11
135 11
42 31
300 2090
102 21
130 1724
266 21
121 81
164 71
167 2845
69 11
300 5200
300 5340
118 81
119 71
300 2810
197 61
300 3540
300 6290
130 71
59 41
132 11
98 71
300 140
256 71
146 41
239 31
300 1850
300 6880
300 8630
233 91
184 21
66 61
300 8500
81 1
205 21
188 31
125 41
98 11
272 81
134 71
118 1
54 81
300 6240
140 21
53 61
87 31
119 51
199 4040
130 91
64 91
144 31
70 71
300 7410
88 71
229 1
62 31
20 1
174 61
149 31
40 31
266 1
198 61
89 51
300 7360
56 320
247 81
56 41
154 1
300 6540
258 91
173 21
189 61
300 4100
300 4780
47 91
56 11
124 21
300 3090
253 6531
300 6490
105 21
172 21
50 41
237 81
164 51
298 61
300 3950
300 4830
82 11
300 8930
296 61
231 31
216 41
163 31
109 11
146 2175
300 400
300 9070
254 31
209 4457
169 21
300 2450
263 11
130 61
182 31
299 61
286 61
300 8000
236 61
300 1140
24 21
191 3722
220 41
300 9020
300 1220
175 61
203 11
79 51
192 71
223 71
104 41
300 5290
136 1887
300 8640
57 81
300 2660
178 61
36 71
300 5150
300 290
300 6400
158 91
299 9122
300 3700
88 41
48 31
174 31
300 8280
188 21
166 1
300 1490
199 31
221 1
95 61
160 31
257 21
109 1212
300 3140
300 3410
35 31
153 31
300 2050
19 1
230 41
300 1800
192 91
239 81
245 61
66 31
139 31
300 7860
259 51
242 41
253 61
132 81
269 7383
260 51
218 31
141 81
286 1
300 5370
300 8840
300 5490
165 2778
107 1168
270 1
110 51
37 81
299 11
235 91
96 1
225 11
75 573
300 8310
251 41
253 71
74 21
300 6580
236 41
267 91
58 71
278 61
53 91
123 61
160 81
300 2870
49 11
300 3330
217 21
279 11
269 31
197 51
300 6100
239 21
102 1
251 6428
284 1
196 3920
83 702
126 1
300 420
253 41
63 11
297 31
300 8670
300 5160
163 71
167 1
91 31
210 51
267 81
31 31
162 61
300 1890
42 71
135 91
62 91
205 71
183 21
89 1
48 81
72 71
289 71
300 8820
300 5930
300 2170
144 51
300 4090
277 31
84 61
221 41
300 8070
300 6650
300 5730
289 31
157 61
300 2010
300 2650
300 8470
300 7000
32 11
300 990
277 91
19 11
300 6680
234 31
215 41
300 5920
58 91
300 3560
45 41
67 41
184 81
197 81
300 1450
300 120
296 71
128 41
300 3810
149 61
231 11
163 11
63 31
300 8250
242 91
283 41
34 31
93 882
120 21
245 81
83 1
248 51
170 51
247 51
145 31
165 1
165 21
71 51
78 620
164 1
26 31
300 6640
127 91
155 11
61 11
146 61
43 51
118 31
43 31
244 71
300 7540
254 81
300 2960
41 71
89 31
220 1
74 51
300 4540
300 410
244 21
99 41
278 71
131 21
102 11
235 51
300 5410
106 71
221 81
91 91
39 71
300 2380
115 31
300 2230
300 8180
280 81
300 690
161 31
190 11
107 51
300 4330
134 31
76 71
300 5800
200 81
184 91
102 1061
105 1
300 3300
272 11
300 1370
148 11
300 2310
300 8210
30 91
193 91
126 81
64 81
143 21
88 51
59 11
243 61
300 800
111 21
139 71
57 331
185 21
90 51
117 51
25 11
158 1
142 31
300 660
300 5960
182 41
100 21
83 21
35 91
104 11
300 2790
300 1550
162 81
208 21
201 71
296 21
110 81
300 8940
199 21
300 6710
252 21
74 71
294 81
229 21
282 1
129 91
33 11
272 31
90 21
141 51
144 61
189 71
122 11
75 21
300 1100
300 3640
300 1920
43 91
82 81
151 31
268 81
90 81
300 7550
174 3089
156 41
252 91
165 11
39 11
166 51
79 41
26 21
271 7493
139 1971
300 4140
32 104
39 51
300 5030
136 31
17 11
199 1
292 1
243 6025
186 91
244 91
90 41
148 51
265 7165
233 41
87 81
115 11
53 41
187 31
300 1840
209 1
70 81
53 71
290 11
291 21
300 3860
186 81
300 6140
137 61
31 1
260 6897
132 31
83 51
271 91
63 61
300 1710
300 3980
103 91
280 31
61 379
196 51
300 7690
166 71
33 31
162 21
300 1980
247 31
300 6890
107 1
300 710
179 91
114 81
300 4310
300 3250
165 41
122 51
169 1
116 1
300 1870
175 71
95 51
134 81
289 41
153 21
300 5890
300 3120
68 91
63 91
42 81
47 1
170 81
127 1645
111 51
126 51
104 31
171 31
300 4860
221 61
300 1520
96 81
145 81
288 81
227 41
239 61
300 8850
255 81
300 5740
300 6830
84 81
169 41
50 21
300 3820
300 5270
34 41
300 2390
300 4980
213 4629
59 1
172 71
207 51
16 21
72 51
81 669
98 21
262 1
15 21
300 7780
125 71
300 5660
64 41
206 71
124 31
16 11
300 1970
300 2100
300 2460
300 230
300 8240
300 8800
283 51
74 61
300 1350
238 31
20 21
194 31
300 2970
263 81
253 81
209 61
280 51
179 71
290 61
87 51
300 2620
264 71
246 91
300 830
58 21
300 9180
300 5260
300 6310
60 1
124 1568
300 7270
32 61
84 71
300 4880
16 1
300 1070
215 4716
300 6770
133 91
119 1
136 11
300 8760
89 21
300 3590
203 4205
271 21
84 720
95 81
175 51
175 81
300 4490
300 8370
300 8480
300 5330
168 11
119 31
46 11
220 71
24 41
110 91
111 91
165 51
137 1915
276 61
300 640
48 91
148 31
300 2410
49 1
46 71
300 4440
43 188
64 71
300 1260
300 2520
300 7880
300 5220
300 5520
102 51
300 1910
180 21
53 1
204 51
123 81
300 1540
300 8260
103 41
74 11
300 7740
300 1460
300 7530
248 81
223 11
105 61
242 1
144 21
109 41
163 2711
244 81
283 91
300 5760
259 6845
238 41
91 1
300 8980
300 8950
171 41
161 11
204 61
236 71
272 61
300 760
226 21
236 81
28 31
59 31
113 41
105 91
83 11
220 4938
300 4040
287 71
174 41
195 91
300 2440
69 485
275 31
187 11
190 71
300 390
297 21
136 81
300 8460
300 4850
38 147
104 51
152 51
300 980
224 5120
300 1990
300 6660
21 21
300 8690
300 2430
289 81
7 1
262 71
198 4000
300 3630
78 21
151 2326
42 180
159 51
300 6690
294 8820
36 132
98 31
300 5470
229 31
260 81
68 31
43 21
27 71
252 11
29 31
57 51
217 61
253 91
120 11
138 51
24 51
240 51
253 21
300 5770
300 5280
156 1
284 31
253 51
60 81
239 11
300 1170
179 21
73 543
77 21
241 41
141 1
300 1950
102 41
282 81
235 41
300 6920
170 91
100 1020
171 71
84 51
58 31
180 81
212 4586
217 71
25 1
300 8600
229 51
65 11
78 71
32 91
89 11
45 61
168 51
201 81
300 3650
259 81
216 91
300 520
277 1
266 81
279 71
40 51
267 51
63 21
235 5635
169 81
278 51
25 31
271 71
209 51
51 61
41 51
81 11
82 41
127 41
18 31
297 71
207 1
185 11
143 91
300 5460
300 4280
128 11
178 51
241 71
152 2357
23 31
51 41
300 150
41 31
108 11
99 21
65 1
155 81
239 71
176 41
268 11
188 11
137 21
182 81
29 71
54 51
139 51
189 11
300 2190
300 8050
136 61
153 51
300 4570
191 71
11 1
212 1
252 6480
160 11
195 3880
160 71
300 3790
300 4900
229 71
273 11
300 7500
233 71
101 11
109 71
168 71
81 61
235 1
101 21
129 1698
81 51
300 440
35 81
235 61
8 1
107 91
300 4130
18 11
300 8910
300 7040
170 1
300 3370
251 51
241 5926
216 51
64 51
75 91
193 21
109 61
176 31
300 1280
300 3940
125 31
251 21
300 4560
300 5140
204 71
205 91
136 1
197 71
297 81
39 81
300 7910
140 41
300 3030
263 41
229 41
132 71
294 61
109 31
55 21
123 31
300 6000
284 41
177 21
172 11
139 91
150 81
291 61
300 7660
254 41
71 1
48 235
39 41
42 41
280 11
179 11
57 41
284 61
282 71
41 41
300 1300
97 11
275 61
99 61
252 61
261 81
30 81
300 1830
119 11
204 1
57 11
205 4288
241 11
106 31
300 920
262 51
152 81
143 41
158 2547
262 91
300 3190
300 5000
131 1751
47 31
108 41
185 31
300 2220
147 31
116 21
117 11
200 4081
183 91
33 1
223 51
296 31
200 41
300 8830
300 780
300 7450
300 5250
51 31
240 31
41 81
300 5630
300 6860
101 71
99 51
261 11
285 41
265 91
157 2515
300 1640
164 2744
130 51
187 71
248 41
93 11
300 3150
166 61
116 41
84 41
296 91
300 8040
141 91
274 51
40 21
64 11
174 51
300 6780
300 6360
229 5351
57 31
227 11
191 11
169 11
278 11
149 11
178 81
300 250
300 200
78 11
248 1
127 61
278 81
167 61
123 71
61 41
58 61
46 1
25 51
300 7610
252 71
250 21
70 1
300 850
205 41
196 41
300 5910
115 71
47 41
36 11
225 91
202 91
300 8130
121 1
157 51
300 3040
106 61
300 6510
296 1
281 21
49 21
115 21
18 21
300 1290
183 11
52 61
300 7420
300 3730
300 3570
295 21
300 300
263 7058
140 1
156 11
151 61
53 31
300 6130
300 560
300 7670
247 21
65 71
64 61
23 51
188 91
39 155
300 5240
246 21
300 5510
244 6075
300 5530
300 5390
300 7630
255 31
276 41
225 41
300 9040
296 51
147 91
276 1
243 91
300 6790
50 255
51 265
242 81
300 7990
41 171
300 7390
240 71
236 91
238 1
35 21
236 21
74 91
200 11
262 7004
300 8740
300 1200
131 61
110 71
160 1
135 21
257 1
273 41
195 31
273 61
128 1
55 11
277 71
35 11
157 1
112 31
242 51
158 61
266 71
254 6583
300 3130
82 21
120 1
207 81
162 11
86 91
189 21
271 81
234 61
36 61
226 5211
83 71
300 8230
185 3492
300 8440
270 31
263 51
224 21
286 81
272 21
193 51
300 4230
267 11
237 31
127 21
193 31
300 3780
249 11
300 4290
148 81
300 5600
186 31
33 21
300 1860
293 8760
300 5880
49 41
186 61
178 3233
297 41
187 91
291 11
167 71
92 863
65 431
220 61
190 51
245 91
265 51
300 6210
273 91
300 5700
104 61
90 826
168 31
28 1
34 91
225 1
166 11
241 81
152 31
236 1
242 5975
50 81
300 6950
300 3620
270 7438
121 11
237 21
244 51
300 7580
229 91
282 21
151 21
119 81
125 81
237 71
110 61
91 51
200 21
215 1
115 51
59 21
94 51
292 61
210 11
180 71
250 1
202 31
36 31
214 61
182 51
255 61
127 11
261 31
114 91
104 81
198 91
268 1
246 61
300 1060
300 4300
103 81
83 31
300 2730
255 11
152 21
238 21
114 11
292 11
151 81
243 11
300 7200
300 1590
256 51
300 9030
261 71
97 91
26 11
177 1
278 91
44 21
297 91
76 81
234 51
169 51
231 41
190 31
128 71
151 11
79 11
182 21
170 41
196 31
149 71
80 71
245 21
25 21
137 51
300 600
183 81
60 21
203 31
64 31
76 61
279 61
300 900
300 7280
281 41
182 91
63 81
165 91
300 2080
173 41
300 8030
50 61
22 31
245 51
276 91
214 51
270 11
272 7549
57 91
224 91
80 1
179 3269
251 1
254 61
124 51
142 2057
234 11
44 91
194 51
209 41
114 1
300 8650
20 31
267 71
300 9140
72 31
89 71
247 61
300 130
274 41
108 21
240 21
300 6430
121 51
167 81
88 11
292 21
122 81
300 700
260 41
300 1480
256 6687
300 4350
70 500
61 21
300 8750
300 2550
256 91
234 91
272 1
300 7290
300 3240
191 1
162 2677
197 11
300 2330
33 51
111 1
41 21
191 41
159 11
300 4340
300 7230
184 11
120 61
100 51
105 1125
226 41
165 61
300 3270
109 91
300 3500
200 31
275 11
300 5210
276 21
300 7930
66 81
235 31
198 1
300 7920
198 11
70 91
270 51
137 41
198 81
48 11
218 1
97 31
300 1790
238 91
232 91
80 21
282 91
163 41
134 41
300 9000
297 51
300 4250
232 11
86 754
278 21
300 170
94 41
26 61
82 686
36 21
179 81
194 21
116 81
300 3750
206 91
187 51
183 51
214 71
300 940
275 81
300 5790
146 51
135 41
98 51
61 81
184 1
191 31
214 21
123 1543
87 61
90 71
207 91
60 41
300 5950
286 11
285 31
143 11
108 91
163 91
30 61
183 71
159 71
295 61
300 1610
223 31
271 51
300 7090
115 41
208 11
143 31
121 21
171 11
110 1234
300 1090
147 41
68 471
31 71
221 21
118 11
300 4670
143 51
224 51
290 21
47 81
190 41
127 1
246 6175
300 4400
239 1
300 3430
189 3645
61 31
57 61
300 8020
87 11
226 1
198 41
266 11
46 51
29 21
32 71
74 41
197 3960
195 71
256 41
300 7950
154 61
152 41
97 21
190 61
41 91
219 11
42 21
111 1257
130 11
147 61
81 21
252 41
28 51
207 11
185 81
229 61
300 3510
129 21
300 3230
48 1
196 11
300 7010
300 6600
266 7220
184 51
37 41
167 91
300 1620
95 41
300 5550
231 51
300 2920
96 31
58 343
300 8140
192 61
300 5080
300 5820
68 1
300 5560
191 81
80 61
244 1
261 21
189 51
300 2060
129 1
106 1
300 5980
193 1
298 41
300 5180
206 4330
300 1770
93 51
300 480
300 8680
300 7170
246 11
96 51
77 81
211 71
45 206
150 11
70 41
226 51
150 51
146 81
180 91
55 51
128 21
95 21
196 71
76 21
300 3680
188 71
192 11
138 41
47 51
300 1080
300 5010
38 11
264 31
271 41
131 71
300 5670
300 4060
34 21
300 2950
192 31
300 7490
300 7590
232 61
274 21
300 8900
271 61
189 91
163 81
300 280
300 1670
56 21
120 91
300 3360
204 31
300 510
300 3160
300 1310
283 71
283 21
170 21
300 3450
47 11
239 41
205 61
219 71
300 6820
153 71
123 11
102 81
300 4240
300 4360
202 51
155 21
300 550
300 8380
258 11
280 41
94 21
263 31
228 5304
12 1
65 51
242 11
67 1
291 1
231 61
42 91
29 1
130 21
133 31
124 11
193 41
300 4500
282 51
300 8410
40 41
166 31
47 71
115 61
22 41
66 1
270 71
187 61
300 5350
300 8660
300 3100
55 91
157 91
208 61
300 490
294 91
142 41
173 31
220 81
168 61
155 2451
77 71
78 31
80 51
300 4200
57 71
57 1
176 81
300 960
177 41
273 51
63 51
121 31
195 41
274 71
86 1
31 11
300 9183
300 5720
287 8405
300 8790
92 71
154 91
223 41
53 51
300 570
300 4550
45 91
71 91
52 81
229 11
233 61
300 7960
293 21
92 21
122 41
191 61
300 970
300 5830
300 2840
300 2480
300 6850
300 4960
15 11
266 61
300 460
111 31
268 31
300 4840
300 2320
203 81
230 11
233 31
298 51
300 5310
152 91
202 11
69 31
132 51
300 910
61 61
261 1
259 61
40 61
250 71
300 450
186 51
226 31
300 7260
96 61
237 51
65 91
68 41
33 81
151 41
263 91
300 8610
82 61
300 5860
141 21
225 61
52 51
181 11
50 51
226 81
240 11
159 2579
300 1320
58 41
236 51
99 11
277 81
257 71
300 2470
248 6275
215 51
300 7150
85 21
44 31
249 21
260 61
231 21
113 31
125 21
213 41
154 51
170 31
185 91
298 9061
167 11
83 41
300 2200
239 5828
42 61
132 1777
300 81
50 1
289 11
278 41
282 61
145 21
300 530
300 2360
165 71
243 21
300 8090
46 31
265 81
68 51
284 21
247 6225
299 51
113 51
295 91
300 6990
292 81
274 61
51 51
300 1680
260 71
233 51
170 2948
225 5165
125 1594
300 7310
135 61
65 61
208 1
300 6670
38 1
281 81
37 1
209 21
171 21
124 81
267 41
62 51
87 21
183 1
104 1103
270 61
179 31
180 3306
102 91
251 61
300 5380
23 21
170 11
300 1720
147 71
119 61
300 7470
72 61
20 11
165 31
70 11
300 3400
108 61
181 71
300 5750
256 81
133 81
232 21
300 6620
130 1
285 8288
300 5300
129 61
99 81
72 528
133 1
225 51
181 61
156 2483
213 21
220 21
300 4650
300 430
40 71
276 51
189 31
112 51
176 91
300 7110
138 11
172 81
300 1400
221 51
217 11
98 1
292 41
219 51
77 61
300 6180
38 91
286 21
148 21
276 71
300 7710
286 41
80 81
285 51
285 61
211 61
146 21
196 21
94 31
126 31
177 31
93 21
300 3690
235 81
288 91
182 1
127 31
300 71
300 3420
300 5990
153 41
88 61
300 5500
72 11
92 81
34 11
204 41
260 11
69 51
117 31
300 2040
145 51
194 41
228 41
167 41
27 11
300 2570
209 71
266 91
300 1900
219 41
45 21
300 4640
141 11
100 11
174 71
300 4870
56 81
139 81
192 51
26 51
227 1
300 3220
81 31
268 21
36 1
300 4510
264 11
227 71
123 91
300 2420
150 41
114 21
300 3000
300 6150
41 61
226 71
172 1
159 31
300 9150
124 61
198 51
300 1340
116 31
74 1
300 1690
66 21
199 51
38 41
209 11
243 51
300 8200
51 21
201 91
288 41
178 71
188 1
295 81
36 91
84 91
117 1
243 31
145 1
97 960
52 11
300 7770
296 8940
158 41
300 3180
300 6590
247 91
138 71
288 8463
290 91
149 1
108 71
300 8540
300 2980
210 1
213 71
300 3870
194 61
300 2770
300 5130
54 91
249 6326
49 71
142 71
73 51
277 11
246 31
110 1
68 21
272 41
119 1445
91 11
144 41
300 6410
205 51
300 7070
185 61
214 41
54 297
300 7890
238 11
236 31
66 41
300 5070
139 21
299 81
88 31
300 6160
102 31
75 71
300 4910
300 4680
300 3850
254 51
182 71
93 31
191 21
76 589
261 51
40 163
93 81
32 41
67 458
300 3340
37 11
300 540
55 81
293 61
76 51
243 41
269 61
97 51
300 2500
279 91
235 11
61 71
228 61
250 91
284 71
111 41
299 41
23 11
34 51
300 9010
300 6970
33 91
236 11
300 2110
255 6635
22 1
103 21
205 31
268 51
127 51
231 1
168 41
242 61
300 8160
300 2160
300 7160
290 51
142 91
300 860
255 91
300 8960
69 1
300 6200
22 11
149 21
66 51
44 61
243 71
293 31
88 21
300 4920
80 31
281 8057
79 81
227 61
200 91
198 31
300 7220
176 1
300 1730
298 11
265 11
227 5258
24 11
255 1
133 41
202 41
224 41
147 21
300 3290
300 2290
62 61
207 21
197 31
300 3660
300 1430
289 61
181 31
199 61
300 500
300 6840
92 1
71 71
45 81
176 11
260 21
268 91
192 3761
300 750
30 41
110 21
173 71
238 51
178 31
300 3840
217 81
213 51
287 81
190 1
82 1
228 91
300 1390
300 3530
225 71
245 11
38 31
265 41
85 51
87 91
164 81
300 5870
247 71
258 51
237 1
279 51
210 71
151 51
160 41
27 1
38 71
288 1
218 51
106 11
234 21
120 71
231 71
126 91
163 61
300 790
300 7400
9 1
226 91
300 5610
146 91
300 1960
300 7100
33 71
300 7430
143 2086
83 81
300 6740
222 21
212 11
283 1
218 41
59 355
147 1
208 51
49 61
73 1
280 21
73 21
33 41
300 4820
10 1
267 21
290 41
300 6500
94 81
124 1
158 51
250 41
168 2880
218 91
300 9060
79 21
300 4210
300 6760
105 81
52 71
125 1
139 61
66 444
296 81
36 51
300 2600
277 61
113 91
187 1
275 91
131 1
249 71
203 51
207 61
259 11
290 8581
27 41
21 41
300 8290
162 91
258 81
237 61
122 1
249 1
214 11
294 51
183 3417
117 91
300 6720
30 51
34 61
111 11
175 21
186 41
300 630
300 4020
156 91
140 2000
79 91
197 41
264 91
190 21
300 5100
162 71
300 8880
161 2645
289 51
300 1380
27 21
131 91
35 125
257 11
67 21
156 31
113 81
219 21
295 1
55 308
300 9170
182 11
27 61
100 71
85 61
259 71
224 71
164 61
54 11
223 61
300 5230
86 31
242 71
171 51
48 41
89 41
4 1
56 51
84 11
300 8860
81 91
300 6470
113 21
300 7830
209 91
32 81
211 51
109 21
43 61
71 21
300 8510
220 31
79 636
98 490
173 51
87 772
94 61
293 11
300 7820
87 41
60 31
300 590
182 61
228 11
228 1
96 91
218 71
300 7680
51 11
300 1500
46 41
211 4542
168 21
300 2150
199 11
141 61
198 71
276 81
300 1240
115 81
300 51
194 71
300 110
152 1
268 61
300 1330
76 91
173 1
300 2020
140 11
300 5710
73 41
300 840
298 21
300 2300
300 270
154 71
179 1
143 1
300 4580
187 21
300 1820
300 4940
73 11
193 61
293 81
300 650
99 91
200 61
133 21
270 91
126 71
214 91
130 31
233 5539
94 91
300 260
208 4414
189 1
214 31
250 6377
40 11
101 1040
226 61
199 71
300 1180
300 7380
230 5397
125 61
300 1050
153 11
293 41
300 2720
232 31
300 1580
300 6300
288 21
300 4260
252 31
131 41
264 81
300 3880
83 91
295 11
95 11
300 4010
300 9100
43 11
235 21
300 2180
300 7250
288 61
237 11
284 81
300 8080
300 4460
60 11
169 61
300 8720
101 91
178 41
161 61
300 1630
266 51
227 81
171 81
63 71
159 1
300 4180
154 31
300 7650
34 71
132 41
300 2000
70 31
43 71
213 11
73 31
274 91
59 91
300 6700
50 71
200 71
300 1940
140 51
120 81
187 41
62 1
195 61
173 91
132 21
152 71
300 1810
265 1
215 11
283 11
161 51
67 31
197 1
125 51
300 8570
129 11
157 21
107 61
28 21
300 5320
158 81
104 21
222 71
294 11
184 71
47 225
277 41
227 51
292 51
300 3550
38 51
59 51
32 21
218 11
300 8580
270 21
300 3010
73 71
125 91
34 1
300 2930
290 71
175 41
169 91
300 41
300 6480
300 310
44 81
300 100
300 5640
159 61
201 51
211 31
173 81
169 71
146 1
