3988
106 21
25 61
57 1
197 11
172 41
300 1170
21 21
147 61
123 61
45 31
27 61
272 91
300 3650
222 1
291 8640
281 51
173 31
300 6410
213 61
36 61
40 11
283 41
300 8150
299 1
191 61
300 5500
151 81
208 21
264 11
218 71
258 71
300 4300
160 1
109 41
281 71
14 1
134 1
224 5120
300 4250
207 11
225 91
94 81
37 139
50 61
82 71
290 71
167 1
193 31
98 31
37 91
165 31
118 81
137 41
188 91
300 5730
40 31
65 1
86 21
39 91
45 61
275 81
85 21
135 31
282 1
222 81
83 51
193 61
135 91
30 61
229 91
169 2914
105 21
129 1698
300 670
300 8820
300 760
180 3306
110 21
164 1
253 31
300 2480
288 1
300 5290
50 41
134 51
92 863
140 31
119 21
300 4210
300 5530
113 21
300 3570
172 3018
300 7980
129 51
122 31
300 7190
199 4040
162 1
194 41
143 2086
266 91
300 5220
300 9020
117 41
133 41
105 51
204 21
94 61
116 71
290 51
300 5680
44 31
28 21
166 2811
22 1
148 21
50 71
115 61
219 4893
68 41
300 6290
249 31
213 91
300 7380
300 3560
121 1
276 7773
300 4830
136 91
300 7300
300 6820
67 91
124 31
53 91
300 2950
137 61
292 8700
212 21
284 71
187 11
269 11
285 11
181 3342
300 6310
250 61
76 51
72 21
147 91
228 91
226 51
170 51
85 31
60 1
43 21
289 21
300 700
177 21
108 1
127 1
116 61
163 31
292 31
227 71
186 61
73 21
58 343
75 21
77 91
280 41
300 240
300 1790
300 7210
300 7480
234 21
162 41
300 5260
198 11
220 91
300 3420
167 41
300 8460
247 71
277 81
300 8120
300 3600
300 5090
251 51
55 1
165 11
146 2175
96 41
300 3840
185 71
120 11
128 61
137 51
79 51
18 11
122 11
42 51
213 51
300 9140
200 21
300 9160
292 1
8 1
137 31
233 5539
300 8590
97 91
200 71
233 31
124 51
167 21
176 11
159 21
300 3910
275 21
162 51
164 21
222 11
270 71
237 21
47 225
152 61
246 91
249 21
59 41
41 41
67 71
257 41
34 81
300 4450
174 11
300 6370
273 21
277 41
215 31
178 3233
300 2290
129 91
160 61
286 61
300 5050
300 7390
59 21
105 81
86 91
125 1594
222 51
246 81
111 1257
300 5360
239 81
300 4800
236 1
245 11
300 7520
201 21
33 61
300 730
21 1
300 3180
257 81
293 31
260 91
273 7605
300 7840
192 61
201 31
179 1
245 61
123 21
40 1
103 51
96 11
300 990
300 2300
214 1
300 8440
251 6428
129 41
146 91
194 11
193 3800
143 31
93 1
157 51
300 4940
247 1
300 5790
296 31
163 1
189 91
72 1
150 21
82 31
211 91
300 8100
300 7000
175 41
300 950
84 41
213 1
300 7760
241 5926
256 51
77 1
284 1
141 91
26 21
39 51
300 1190
82 81
294 51
79 11
299 1234
145 51
300 8830
300 7620
279 7942
126 61
54 71
300 2180
207 31
31 41
210 31
44 91
198 41
119 1
300 3120
79 1
209 61
107 91
140 71
300 1490
89 21
34 51
75 91
269 61
300 3460
63 1
228 51
46 215
275 91
300 8140
300 1760
262 1
300 6720
300 1270
300 3210
194 91
74 91
49 21
63 11
253 11
60 51
38 1
117 11
205 11
193 81
283 51
101 81
197 3960
155 2451
223 5074
300 8330
158 71
145 81
300 6550
156 31
134 31
226 91
300 6400
236 11
300 1290
135 1
300 3280
300 350
260 41
154 1
155 11
227 61
242 71
41 31
157 81
51 61
300 2500
189 31
175 71
237 61
300 2850
299 61
299 41
118 61
300 5870
152 51
45 41
289 61
111 1
147 41
184 81
24 11
201 81
300 6200
79 91
147 31
129 31
42 180
241 31
265 31
93 71
236 81
300 650
193 41
191 51
235 61
254 91
81 11
99 1000
187 41
61 51
23 41
300 6110
162 11
76 21
300 2530
35 71
300 3030
146 71
300 8300
117 21
300 4550
212 1
140 1
103 81
233 41
137 11
41 81
236 21
300 510
300 8860
300 7060
300 2520
202 31
131 31
166 81
234 31
300 8290
242 21
300 1440
195 3880
300 4190
90 1
87 41
171 11
300 7070
39 11
132 61
110 61
297 21
231 21
243 41
255 81
263 71
93 21
253 81
300 580
132 71
300 5150
113 41
192 71
176 71
30 81
128 21
300 8580
152 2357
291 41
90 11
26 1
173 11
286 91
56 21
198 91
35 31
150 61
300 4730
269 41
224 51
47 81
183 31
146 31
128 31
300 5310
300 6630
152 21
300 1410
300 880
74 51
300 1610
196 31
154 91
66 61
46 71
224 31
280 61
300 3400
104 11
217 1
253 91
232 1
300 1660
31 1
261 1
300 3930
73 51
98 61
232 5492
80 71
96 31
57 51
204 31
250 1
30 11
90 41
300 480
288 71
37 41
297 9000
300 7020
223 11
269 71
300 7570
30 51
300 2860
300 4090
300 3220
205 91
242 5975
300 720
199 61
82 686
279 11
15 21
31 91
252 41
210 21
300 2420
48 21
300 1140
54 11
143 41
300 330
157 1
79 81
246 51
300 1150
230 1
240 21
300 5590
300 8750
157 41
184 11
300 2490
300 1010
216 71
247 81
284 51
90 51
120 91
287 21
78 21
45 81
242 51
300 260
137 1915
253 21
56 81
239 41
158 51
226 61
114 41
300 1400
300 390
272 61
99 21
61 71
300 5580
300 8650
282 8114
289 71
125 1
130 71
62 61
118 31
300 6250
245 51
127 1645
300 9170
110 31
245 41
31 31
198 21
69 61
270 51
300 8910
86 51
274 41
183 41
169 11
147 51
300 6360
270 81
103 1
300 5630
279 1
137 71
281 1
300 180
300 4110
286 71
291 11
194 71
300 7260
55 71
203 91
217 51
300 31
287 81
300 8570
204 91
114 91
90 21
254 1
122 81
188 31
60 31
219 11
188 41
267 81
188 3606
116 1
47 41
300 6390
300 5250
272 1
300 3630
300 4400
300 1820
288 21
91 51
183 1
46 41
300 4890
189 51
218 11
300 2550
81 669
300 4820
55 41
270 31
112 1
92 31
39 71
298 81
183 3417
81 31
205 41
42 11
36 91
29 81
300 2220
300 11
94 91
300 9000
87 11
149 1
90 826
28 71
63 81
296 41
300 5510
154 31
300 7890
300 2890
297 91
300 2610
90 71
98 980
293 91
148 31
118 11
230 51
92 51
44 1
300 1770
33 71
300 4270
31 81
209 91
156 61
63 91
110 1
74 1
300 2050
300 3750
275 51
63 405
78 71
300 7470
52 21
151 11
202 11
221 91
232 21
190 11
111 91
132 31
142 81
260 6897
300 6440
211 1
300 1310
300 6990
44 51
47 71
300 3050
199 71
221 31
225 41
185 41
34 11
54 1
244 41
300 9060
300 1570
143 91
280 71
206 1
192 81
280 51
275 11
66 11
39 41
109 1212
300 8890
193 51
300 2830
300 8770
216 11
228 11
248 11
94 901
128 51
111 51
258 21
37 71
136 71
23 1
273 71
119 81
204 4246
77 31
54 51
174 3089
133 81
79 71
300 1240
191 3722
30 1
249 91
191 81
150 31
210 51
163 91
300 360
294 41
49 41
234 91
68 91
285 1
153 2388
153 41
216 61
300 8180
279 61
87 51
300 3360
300 71
242 91
300 5900
300 4060
67 41
300 2130
15 1
299 31
103 31
238 11
12 11
40 91
99 31
79 31
251 21
94 21
24 31
300 340
118 21
300 7320
273 11
69 11
64 91
290 8581
300 81
300 2090
289 31
189 61
300 4980
200 51
300 6000
97 11
50 11
262 21
46 61
163 71
218 1
48 41
43 51
195 41
77 41
300 3800
153 1
124 21
21 11
223 51
104 61
265 7165
105 1125
300 2310
203 71
300 2010
41 91
148 71
300 7640
300 6870
144 51
211 51
199 1
270 91
300 1160
172 61
213 4629
247 51
95 11
78 620
103 21
300 490
107 71
300 2340
130 41
45 1
180 61
137 91
199 91
187 71
300 2320
300 690
102 61
300 2870
75 573
300 2680
117 61
198 81
282 51
300 3490
183 61
300 1700
187 3568
207 4372
259 1
300 5520
257 11
31 71
270 21
202 81
123 91
111 21
256 81
300 150
180 11
300 1210
139 81
300 6010
187 31
88 11
133 51
95 41
300 4970
300 4870
260 11
210 61
300 3710
300 4080
142 91
256 41
214 21
235 71
300 4600
199 81
101 1040
300 7960
225 5165
124 11
285 21
234 41
81 51
293 81
258 31
144 61
300 6270
300 9030
279 91
123 1
176 61
80 51
300 6090
208 71
256 61
300 7650
283 21
206 11
198 1
35 91
179 21
53 71
300 5420
124 61
172 1
244 6075
244 31
300 8620
39 1
186 81
51 41
79 21
223 21
56 11
300 5270
112 31
235 41
190 91
300 3530
235 31
300 6340
169 31
76 11
229 51
262 31
300 7940
275 7716
177 81
188 1
249 6326
295 91
300 2800
166 1
246 71
214 81
34 41
107 1168
277 91
300 2510
300 5930
300 1880
281 61
272 7549
300 5600
170 2948
68 71
132 21
300 2730
174 61
126 21
31 11
30 41
147 11
113 31
24 51
66 51
40 71
114 81
70 81
258 41
167 31
170 31
182 1
106 1
65 31
46 91
300 4840
68 81
251 61
290 31
273 81
177 51
37 1
300 3520
65 51
199 31
215 11
181 31
300 1020
233 1
300 8390
213 41
75 31
154 2420
250 31
218 4849
300 850
96 1
17 21
153 91
149 41
239 21
196 51
92 61
230 31
300 5550
135 21
131 21
161 61
48 235
127 81
300 3740
211 4542
76 81
102 1061
294 21
219 81
116 81
138 91
253 71
300 2330
187 81
146 61
173 51
86 1
254 21
188 11
125 21
127 41
140 81
150 41
135 61
71 51
120 31
300 5840
220 31
152 81
300 6210
300 6620
160 81
262 91
31 61
202 51
300 7430
25 31
20 21
228 21
36 1
219 1
300 8090
300 5560
300 2170
125 41
115 51
74 31
242 81
300 7870
60 61
300 5620
32 81
28 31
48 11
286 81
197 21
51 51
183 81
67 21
300 8200
51 265
229 1
89 1
300 2570
300 540
197 81
221 21
106 1146
50 31
83 91
172 71
300 8960
13 1
218 51
145 31
178 71
97 71
282 61
95 81
300 600
219 91
107 1
300 5540
124 1568
98 41
106 31
64 51
192 91
104 51
135 81
182 71
140 91
286 8346
241 81
259 6845
240 5877
300 4220
98 980
139 91
110 71
35 21
300 91
221 71
300 8610
274 51
240 11
13 11
208 91
300 4520
290 1
26 41
169 91
300 7740
85 91
227 31
239 11
272 51
300 2840
300 3350
212 91
277 21
33 51
93 51
81 81
95 61
233 21
300 2190
216 1
145 1
65 21
300 1850
117 1
300 6730
98 21
192 31
300 930
170 21
300 2380
218 21
177 91
47 61
105 61
123 1543
208 11
97 81
135 11
88 51
77 21
300 410
300 1180
249 61
276 61
58 1
300 8990
224 91
300 4880
270 7438
300 3670
300 7180
72 11
266 51
227 81
54 91
181 91
119 61
185 1
162 21
300 2270
299 51
86 71
300 6490
181 1
160 2612
32 104
262 61
31 51
276 1
98 91
62 41
300 4340
252 6480
158 41
99 11
83 41
289 91
116 41
104 1103
109 91
119 91
26 51
242 61
154 51
300 7250
286 21
241 21
223 31
67 11
138 31
166 11
125 61
244 51
300 2370
288 81
237 51
300 8740
186 11
213 11
268 51
285 71
91 1
16 11
175 11
130 91
280 91
258 91
249 1
126 91
47 51
204 41
219 61
241 51
300 3590
300 380
179 3269
90 61
291 71
236 61
36 31
44 11
260 1
300 3550
41 1
165 71
96 21
300 1100
300 4710
36 81
236 31
175 21
272 81
167 11
43 91
294 31
56 41
95 920
74 71
238 5780
222 41
87 61
300 1060
187 61
179 81
122 91
103 71
14 11
268 31
284 91
106 11
80 91
127 21
59 11
249 11
239 1
219 21
80 61
100 71
115 81
233 81
296 61
300 3610
214 41
300 7550
199 11
132 11
300 6600
99 71
209 51
203 4205
259 31
202 41
290 81
43 188
294 91
191 91
160 51
261 21
245 71
180 21
230 71
93 11
27 11
96 940
81 61
300 8710
236 51
218 41
85 51
258 51
300 4160
278 7886
162 61
293 1
174 31
272 71
107 31
32 51
165 91
104 81
20 11
175 31
223 81
300 7030
300 4260
237 31
89 41
300 4360
300 4630
21 31
207 1
271 31
261 41
210 71
264 61
300 4990
94 71
203 61
138 81
300 4170
300 2460
300 4500
138 51
228 61
87 71
300 5060
300 1900
176 81
217 11
268 7328
300 1040
216 81
64 417
300 310
104 21
117 71
139 51
300 7540
43 11
64 61
66 444
29 31
38 81
131 1
85 1
136 41
300 6930
300 4490
28 41
206 61
300 5020
300 4690
108 21
259 51
300 640
198 4000
300 5880
207 41
24 1
153 71
155 81
294 1
152 1
300 8640
295 8880
225 11
248 21
255 91
57 21
76 1
180 31
183 21
189 3645
242 31
78 61
300 7710
110 91
110 11
61 379
296 21
165 2778
228 5304
287 91
300 5750
234 51
281 8057
237 91
269 31
144 31
300 8550
186 51
138 71
300 250
190 61
300 6960
300 1870
271 61
117 51
222 5028
179 71
300 3430
270 61
192 1
287 41
300 3380
295 41
32 11
200 4081
276 11
214 11
300 9100
182 11
80 21
300 3790
226 71
130 1724
234 5587
171 51
300 9150
66 1
289 81
162 81
300 3970
35 1
59 81
269 51
130 51
210 11
300 7100
300 7450
129 1
168 31
100 91
143 71
168 11
97 31
246 41
197 91
257 61
84 1
242 1
203 21
24 21
112 11
146 11
92 81
300 5800
211 81
94 41
300 4510
112 41
212 4586
300 3720
288 41
111 71
148 1
300 3900
258 11
142 31
100 41
282 81
300 6800
279 31
273 41
300 5780
273 61
300 2040
48 81
227 21
201 71
244 61
206 31
70 91
156 1
268 71
217 31
162 31
28 11
287 1
151 31
300 4810
300 4050
140 21
300 5330
300 630
127 31
173 81
62 71
139 41
215 71
129 11
300 6480
300 2230
166 41
158 91
223 41
244 71
284 31
300 7170
295 21
91 71
151 41
172 21
231 31
32 91
58 41
256 21
126 1620
141 21
164 61
134 81
300 9130
115 1349
62 81
29 1
144 1
149 81
192 21
254 71
148 61
191 41
222 21
300 6530
59 51
296 11
74 61
145 41
204 81
102 91
300 3000
300 590
300 570
103 1082
70 21
278 61
173 21
229 71
61 81
300 8800
300 4310
300 7790
300 4620
300 4330
89 31
300 860
97 61
300 6580
300 270
263 51
262 7004
146 51
35 41
150 91
165 61
287 8405
300 6350
79 41
184 31
283 81
33 41
205 81
116 21
189 71
68 11
300 7080
185 31
300 4000
278 21
209 11
214 91
100 1
129 21
142 11
207 21
290 41
170 1
275 1
97 960
164 31
22 41
192 3761
300 900
300 6540
208 41
115 11
62 91
300 8500
22 31
300 4010
300 6750
300 7310
96 51
22 21
65 71
131 51
16 1
235 11
300 7990
300 890
188 51
300 8110
49 51
300 6680
121 11
249 41
166 71
249 71
174 51
300 8400
100 21
60 91
300 3440
176 91
132 41
47 31
300 3020
260 21
56 31
225 71
33 1
300 6780
71 81
204 51
83 1
300 8370
271 91
185 3492
126 1
265 81
300 5130
44 71
300 2210
78 1
72 31
70 41
114 1326
243 71
264 41
300 8780
146 41
184 41
28 1
89 91
206 91
300 6670
53 51
259 81
86 754
107 41
186 41
58 91
300 5950
300 4680
203 11
49 1
300 790
36 21
211 41
103 91
300 1720
83 31
53 11
300 280
128 81
190 3683
26 61
91 91
182 31
100 31
285 8288
151 1
238 71
300 5120
18 31
186 91
229 5351
46 11
32 21
134 61
212 41
300 710
300 7400
277 61
110 51
227 91
130 1
115 71
144 71
54 31
238 41
118 51
300 6740
300 6890
208 31
300 7610
271 21
300 1280
67 81
300 5850
91 41
147 21
300 21
207 71
83 71
54 81
300 2150
43 71
300 2660
263 21
163 61
300 970
255 31
58 51
277 71
121 21
164 91
300 3250
101 61
232 51
180 51
289 41
221 81
254 81
78 81
244 21
280 11
300 7800
274 71
155 91
84 91
278 81
74 21
120 81
267 61
231 81
300 9110
300 3980
300 4070
300 6560
277 51
273 31
287 51
300 7810
215 41
108 31
300 6500
231 71
178 21
65 431
300 870
300 4740
133 91
201 91
173 71
300 5280
300 1950
300 8660
300 4380
105 1
291 31
155 61
72 81
300 6120
300 6060
300 6190
106 81
202 4163
262 71
300 5740
236 71
185 61
300 2620
300 8480
295 11
300 7910
300 6140
251 91
200 11
62 21
68 1
141 2028
217 71
78 91
212 11
300 2960
173 91
164 2744
293 61
15 11
70 11
79 61
300 6220
106 61
285 41
95 51
194 1
217 41
300 3040
90 91
228 81
300 6330
262 11
248 51
233 61
274 81
295 61
205 51
160 91
264 71
33 11
75 51
145 71
234 61
61 41
173 1
300 2770
133 1805
167 71
40 163
25 41
49 61
214 71
300 1970
124 81
300 2990
261 51
300 610
19 1
48 1
268 21
34 1
265 1
257 21
204 71
49 245
261 91
10 1
90 81
117 91
169 71
102 11
69 71
107 81
246 31
256 31
300 8080
204 11
154 81
239 91
26 11
300 5040
300 2160
159 81
159 41
300 7120
297 31
300 2100
300 8380
71 91
291 51
98 1
158 2547
71 21
214 31
300 1250
300 620
300 3770
104 31
300 1050
114 21
255 11
75 11
130 61
254 61
194 51
186 71
130 21
182 41
269 1
7 1
300 2470
300 1980
171 2983
124 1
96 91
300 3090
108 61
139 61
300 400
277 1
195 61
238 31
140 2000
235 81
203 41
71 71
300 5240
300 1110
44 41
32 41
66 31
300 5570
17 1
300 4280
300 1320
159 61
166 51
163 21
300 1990
300 5180
286 41
167 81
276 91
298 31
300 9183
175 61
300 4320
28 51
300 2790
300 8450
177 11
148 11
300 1580
88 61
178 11
161 2645
128 91
50 255
300 5710
193 1
300 5980
17 11
300 5770
300 4540
118 1420
213 31
148 2235
300 1800
271 71
120 71
222 71
300 2110
35 81
92 11
212 51
94 1
82 61
300 6380
278 1
300 2690
174 41
159 91
123 31
197 41
300 4130
300 5640
161 1
300 2240
122 41
169 51
231 61
279 21
71 11
300 1920
260 51
157 71
300 500
82 41
45 21
300 7340
74 558
149 91
291 91
61 1
300 460
85 71
183 91
300 5910
73 71
214 4673
300 7440
52 41
86 61
125 31
28 61
58 11
300 5820
256 91
162 71
109 1
300 4610
40 21
107 51
300 8420
34 21
189 41
300 940
190 41
300 3230
92 71
198 51
160 31
300 1480
300 5200
285 31
300 4790
235 51
300 7370
172 91
300 7950
20 31
221 4983
239 71
80 653
300 2940
258 6792
110 41
84 51
44 61
127 91
150 81
224 1
300 8000
300 1360
201 11
153 11
53 31
119 11
300 2450
237 81
300 3330
76 41
300 4200
65 61
101 41
229 41
166 21
215 21
179 31
230 21
189 1
226 21
300 6470
283 1
96 81
68 51
300 4100
168 1
252 1
222 31
248 1
43 81
81 71
276 21
300 3310
241 11
207 91
129 61
300 8850
53 1
61 11
91 81
161 81
265 51
49 81
300 440
206 4330
220 41
184 91
143 11
289 8522
137 21
294 81
83 11
209 4457
55 51
284 81
300 470
236 41
180 41
300 8170
231 41
266 71
300 1600
71 41
127 71
144 91
186 31
180 71
265 71
166 61
243 11
77 51
300 2140
56 61
149 31
118 71
52 31
300 3190
213 81
137 81
84 81
300 660
34 117
226 81
300 5830
55 81
53 286
300 2590
228 71
250 41
205 71
212 81
174 81
171 81
83 81
53 81
107 11
38 147
300 3880
286 1
297 71
140 61
196 71
152 11
162 2677
284 41
300 3620
227 11
292 41
149 71
230 41
39 31
178 51
41 21
246 1
300 6100
191 11
221 51
149 51
154 21
64 31
148 41
300 5960
239 5828
276 31
38 51
274 61
80 31
148 81
212 71
46 51
300 1650
100 81
135 51
271 11
268 91
38 31
109 71
282 71
256 1
233 11
300 8540
231 1
300 8060
300 4180
300 5940
146 1
300 6840
300 7680
197 31
102 21
300 5410
49 11
300 3320
300 6790
52 91
299 81
300 2410
163 51
100 1020
294 71
163 11
45 91
114 71
300 6040
300 7970
285 81
255 51
27 21
58 71
69 31
115 1
260 61
300 6510
134 41
300 3070
52 11
45 206
63 31
34 91
196 21
112 91
255 41
196 11
115 21
69 41
106 71
300 8980
300 1740
300 3540
209 71
212 61
194 21
296 1
136 51
300 1390
151 71
300 5890
176 41
300 830
288 31
259 91
300 3640
220 61
300 6520
214 61
72 528
185 51
195 31
75 61
33 81
184 51
59 91
271 51
300 4460
185 21
245 31
85 81
150 1
300 5920
219 51
196 91
297 51
92 21
278 11
300 1810
300 5610
102 1
293 8760
93 81
300 1130
136 11
87 21
293 71
209 21
260 31
265 91
294 8820
264 1
300 7040
155 51
300 300
133 61
283 71
300 8280
178 91
75 81
105 91
300 6450
89 71
153 21
55 11
300 2630
33 111
300 4480
113 1
157 91
194 81
120 51
300 2000
121 51
207 61
275 71
252 51
298 9061
289 1
240 81
225 31
36 71
64 81
300 6690
300 3850
181 21
201 61
133 71
108 1190
180 91
252 71
157 2515
239 51
300 3390
181 11
113 81
300 2760
268 11
300 6710
50 1
81 1
300 3270
300 7490
40 41
300 6280
75 41
300 4410
300 3240
215 1
70 1
300 2820
82 11
300 8940
300 1750
153 81
300 6030
88 91
195 91
187 21
33 21
300 7720
300 4390
111 81
57 71
226 5211
86 81
60 41
300 4040
113 71
160 11
159 71
119 71
300 1370
251 41
12 1
141 41
300 3370
272 11
39 61
300 3680
300 6700
186 3530
287 31
279 51
110 1234
76 91
156 11
168 41
216 31
169 41
93 41
91 11
191 1
210 81
58 61
245 1
300 1200
189 11
262 41
217 4805
279 41
297 61
179 91
284 11
300 8210
169 61
93 882
173 3053
300 7600
300 7230
227 1
181 51
300 5030
69 81
168 91
300 780
108 91
198 71
252 91
169 21
32 61
181 71
123 41
300 2250
300 1890
295 51
60 21
101 71
261 71
144 41
171 31
110 81
147 1
210 91
123 51
283 11
38 61
40 51
248 61
248 71
84 31
298 71
187 1
116 51
60 11
298 41
177 61
30 31
263 7058
211 21
117 81
195 51
225 61
263 81
300 7820
246 11
192 41
300 5070
219 41
240 71
225 21
290 21
218 61
250 81
76 31
300 1590
241 1
277 11
254 31
267 71
300 8250
233 51
152 91
79 636
300 200
264 21
84 11
229 11
274 91
67 1
261 6951
61 61
145 61
135 41
300 5700
100 11
228 31
47 91
126 31
300 550
300 9090
250 51
127 61
120 21
124 41
300 8510
300 3760
300 7900
300 6970
166 31
61 21
108 11
136 21
222 61
38 21
27 41
138 61
73 543
145 2145
191 71
300 1670
278 51
19 31
202 71
300 4780
263 31
115 91
80 1
300 6810
300 8730
109 31
300 5100
292 61
300 2390
70 61
41 61
199 51
300 3820
208 51
266 61
231 11
207 81
260 81
176 3160
277 7829
101 11
300 1860
35 61
247 91
66 21
189 21
178 61
67 51
52 275
300 4240
300 4350
300 4150
190 81
48 31
42 31
300 1300
292 91
167 91
129 81
300 3470
220 1
232 41
297 41
160 41
111 41
97 41
300 7200
300 2080
218 31
269 7383
174 1
138 41
216 4760
41 171
300 5170
300 6430
101 21
65 41
163 2711
115 31
176 51
64 71
296 81
297 11
300 170
106 41
84 720
85 41
101 31
297 1
300 7670
142 2057
300 5660
119 51
300 6910
201 51
280 1
300 2580
119 41
215 61
88 41
300 1120
60 81
227 51
69 21
267 21
53 21
300 2710
96 61
277 31
32 31
190 21
82 1
264 91
159 1
263 91
279 81
300 2430
300 8020
300 8410
235 1
300 2260
300 8220
266 41
230 61
300 2350
234 71
156 21
257 71
191 31
68 21
227 41
256 6687
48 91
70 500
176 1
89 11
148 91
98 81
81 41
300 800
167 61
300 3290
27 1
93 61
66 41
168 71
170 61
283 8172
99 91
229 31
295 71
24 41
273 51
5 1
300 1540
168 21
161 11
300 8600
247 31
37 51
196 41
127 51
192 11
120 1469
144 81
203 51
128 71
154 71
293 11
104 91
63 71
68 471
300 4760
86 31
223 91
194 31
51 21
106 51
300 5160
113 1302
244 91
196 61
94 51
300 5210
300 3500
270 41
300 7700
139 21
300 7930
80 81
56 91
122 21
253 41
142 21
91 845
288 91
238 61
273 1
300 750
41 71
263 41
98 71
300 4660
295 31
112 81
256 11
77 11
177 3196
197 51
300 8130
300 840
224 11
300 1340
157 31
64 1
300 9050
116 91
109 21
131 41
300 6570
139 71
238 81
80 11
95 21
240 31
187 51
142 61
281 41
69 485
287 11
124 91
151 51
300 5490
247 41
68 61
118 1
300 8490
300 8930
300 190
68 31
300 5450
197 1
300 4120
300 5990
179 61
159 51
300 2810
300 6320
211 31
180 1
81 21
224 21
148 51
73 41
165 21
264 51
134 91
264 81
240 61
300 160
158 1
125 91
215 51
300 4430
104 41
300 740
281 91
209 31
185 11
300 1510
174 71
52 81
300 3080
243 81
113 11
300 980
300 7410
73 1
300 4750
276 81
300 7850
188 81
288 8463
132 81
300 7290
300 320
158 31
200 31
138 21
300 8810
95 91
300 5320
300 3200
56 71
255 1
237 5731
52 51
11 1
164 71
43 61
234 1
287 61
292 71
166 91
87 81
283 31
143 51
146 21
300 5390
300 8350
200 1
42 81
19 21
154 11
294 11
195 21
238 51
132 1777
266 7220
300 6770
300 7010
51 91
226 11
150 51
266 31
213 71
264 31
300 8700
27 31
111 11
29 61
300 1830
149 11
300 3480
300 100
120 41
55 31
247 11
182 81
300 4670
64 21
178 81
95 1
128 1671
42 91
286 31
82 21
276 51
45 71
300 130
300 5010
215 4716
172 31
240 1
105 71
122 1518
90 31
66 81
39 21
172 81
51 11
121 41
69 91
159 11
120 1
177 41
300 61
23 21
22 11
42 41
300 1220
300 2720
203 81
143 1
136 1887
77 71
300 7090
300 8530
232 71
177 31
249 81
221 11
99 1
265 41
72 91
141 71
75 1
300 7860
150 71
49 71
43 1
300 5350
104 71
229 61
198 61
59 1
158 21
159 31
300 2400
109 51
89 808
232 61
74 41
223 61
62 1
72 71
42 1
220 81
190 1
300 9040
238 1
161 51
151 21
300 2900
199 41
228 41
16 21
136 1
151 2326
300 7160
130 11
48 61
48 51
103 41
142 71
98 490
155 1
202 21
129 71
300 2740
300 5000
261 81
100 51
271 7493
300 2750
92 91
248 41
27 71
207 51
300 5380
38 71
300 6300
95 71
268 41
263 61
182 91
300 420
282 91
300 3010
176 21
262 81
215 81
300 3260
44 21
226 31
300 5440
300 7360
165 1
232 91
118 91
142 51
274 1
274 7660
267 51
113 51
37 81
139 1
85 11
162 91
113 61
211 61
300 8010
189 81
229 21
126 11
300 6160
199 21
250 71
170 11
111 31
18 1
58 81
300 9070
300 4930
300 3450
300 1630
46 1
300 4770
250 91
219 31
251 11
87 31
115 41
63 61
152 71
234 11
190 51
146 81
49 31
91 21
41 51
114 51
300 8760
241 71
300 2700
282 31
193 91
54 41
97 51
244 11
201 1
134 11
182 3380
36 132
210 41
300 6650
300 1960
76 61
300 5670
92 1
34 61
241 41
101 51
253 1
246 61
280 8000
43 31
285 51
269 91
300 8340
117 31
133 21
39 81
78 51
300 4950
300 3870
141 31
175 91
300 8720
281 81
290 91
213 21
143 61
279 71
197 61
300 8050
230 91
97 21
300 6170
298 1
170 41
220 51
29 51
300 7530
38 11
64 41
300 5140
300 5110
131 11
243 31
300 7830
300 1470
299 21
300 2540
170 91
300 5460
55 21
239 31
106 91
51 81
164 41
83 702
132 91
155 41
192 51
50 51
266 11
267 41
200 81
293 41
241 91
125 51
300 4230
224 71
300 1080
39 155
259 21
200 91
300 6900
157 61
183 11
300 7660
233 91
4 1
160 71
165 51
263 1
300 7140
254 41
92 41
86 11
300 8270
300 4960
300 3140
300 3890
272 21
300 3130
144 2115
205 61
300 4030
168 2880
77 61
56 51
215 91
88 21
51 71
300 3110
151 61
221 61
171 41
300 8240
61 91
177 71
217 61
249 51
101 91
194 3840
226 1
185 81
203 1
50 21
176 31
184 61
300 5970
175 1
300 1690
255 61
89 61
272 41
114 11
98 11
271 41
300 430
102 41
261 11
196 1
172 51
300 6640
132 1
300 6860
266 81
133 11
245 6125
250 11
179 41
65 91
300 820
232 31
59 71
246 6175
268 61
195 11
300 7130
300 3780
300 1350
300 1520
280 21
52 71
300 2600
181 41
230 5397
183 71
57 31
232 81
216 41
300 5650
74 11
278 31
147 71
300 8310
97 1
300 4580
252 21
296 51
296 71
250 6377
184 71
167 2845
123 81
243 21
300 1620
147 81
57 41
300 2640
155 21
300 5190
41 11
291 1
40 81
36 41
300 910
300 6660
265 21
243 91
71 514
88 1
300 1420
153 31
29 11
266 21
25 51
267 91
284 8230
300 2780
88 71
64 11
133 1
174 21
42 21
84 61
252 81
48 71
63 51
47 1
156 51
300 2120
208 81
268 81
9 1
117 1396
154 61
300 3510
300 2440
251 71
107 61
300 4290
267 11
122 1
267 31
160 21
208 1
141 1
139 11
300 6080
77 605
257 6739
225 1
182 61
112 71
168 51
161 21
300 8360
112 1280
300 8230
103 61
62 31
58 31
300 2920
300 4920
300 7050
135 1859
300 8790
300 7770
300 5470
34 31
300 4020
178 1
135 71
300 1380
163 81
196 81
65 11
178 41
142 1
300 1930
58 21
177 1
300 8870
300 6460
25 11
173 61
280 31
255 21
300 2030
300 3830
143 81
193 71
95 31
300 7240
300 1260
30 91
300 1000
99 51
184 21
99 61
171 61
229 81
140 41
300 1070
29 41
54 61
300 810
27 51
102 51
220 71
186 1
121 91
42 61
63 41
175 81
275 61
55 308
37 11
237 11
124 71
220 11
237 71
157 11
296 8940
300 8030
300 6180
71 1
198 31
260 71
211 11
108 51
70 51
289 11
265 61
300 7270
111 61
196 3920
300 6260
300 7420
270 11
112 21
233 71
44 197
275 41
31 21
185 91
103 11
144 11
300 3990
300 9120
300 4530
113 91
159 2579
130 81
119 1445
292 11
134 1832
57 11
155 71
141 61
231 5445
248 81
300 140
300 3690
300 4140
137 1
285 61
37 31
253 61
122 51
140 11
300 7510
73 11
221 1
300 3660
283 91
116 11
109 61
216 21
128 1
299 9122
232 11
29 71
50 91
99 81
156 41
281 11
239 61
248 91
114 1
49 91
179 51
300 9080
286 11
300 8160
171 71
217 91
235 21
152 31
300 7590
300 4420
209 41
300 920
300 2060
208 61
131 81
78 31
300 4700
84 71
59 31
300 3580
246 21
35 11
119 31
205 1
108 81
254 11
300 8680
186 21
195 71
293 51
228 1
300 5810
62 51
74 81
183 51
171 91
36 11
220 21
300 1730
33 91
67 31
145 21
51 31
100 61
300 8630
217 21
300 6590
300 8840
125 11
244 1
147 2205
235 91
30 21
300 6020
134 21
224 81
47 11
182 21
55 61
223 71
247 6225
243 1
300 1910
33 31
300 960
282 21
154 41
300 5080
300 6150
300 120
266 1
101 1
153 51
253 6531
300 1530
300 7220
285 91
202 1
300 2980
56 1
184 1
202 91
194 61
300 8070
204 1
11 11
126 41
76 589
83 21
300 9010
57 91
144 21
300 2880
300 8900
78 11
69 1
251 31
73 31
300 3410
136 31
125 81
57 61
300 5720
205 21
20 1
170 71
182 51
300 450
224 61
300 5860
300 3960
300 6610
150 11
131 1751
175 3125
122 71
300 1450
164 81
300 5690
300 5340
300 4570
300 2910
224 41
300 41
89 81
200 41
300 530
265 11
226 41
248 31
29 21
300 8190
120 61
300 7580
195 81
141 81
132 51
273 91
214 51
300 8670
300 1230
300 7690
205 4288
45 51
141 51
300 8260
300 8950
164 51
267 1
158 81
300 370
255 6635
300 4440
125 71
38 91
300 8430
118 41
300 3860
67 61
145 11
169 81
156 71
23 31
245 81
51 1
105 31
292 21
290 61
298 61
300 51
190 71
109 81
25 21
216 91
300 3730
236 5683
278 91
227 5258
300 6940
243 6025
178 31
300 7460
295 1
193 21
292 81
167 51
300 1500
55 91
57 331
253 51
300 2650
83 61
46 81
53 41
300 8920
193 11
300 2970
52 1
205 31
77 81
40 61
73 61
300 1840
143 21
300 7150
84 21
50 81
121 61
197 71
156 2483
136 61
300 560
66 91
218 91
53 61
188 71
300 2930
35 125
72 41
34 71
82 51
210 4500
300 7920
131 71
300 230
164 11
300 8560
141 11
300 110
114 31
62 11
291 61
201 4122
37 21
150 2295
258 81
300 5760
237 1
272 31
206 71
300 2560
300 4590
203 31
131 91
278 71
274 11
72 61
57 81
86 41
234 81
123 11
102 71
219 71
165 81
42 71
123 71
300 3100
134 71
133 31
190 31
269 21
300 7750
67 458
300 2070
297 81
300 4860
300 7110
300 8470
218 81
280 81
300 2670
300 4370
289 51
300 3160
131 61
281 21
300 9180
70 31
104 1
116 1373
300 3060
278 41
288 61
299 71
300 6850
78 41
220 4938
300 7330
155 31
276 71
46 21
149 21
35 51
142 41
252 31
300 6070
108 41
276 41
300 5430
209 1
300 7780
300 2020
211 71
128 11
108 71
23 51
300 3920
130 31
300 1550
300 520
299 11
54 297
259 41
300 1030
73 81
99 41
188 21
91 31
23 11
121 1493
300 1780
180 81
179 11
275 31
300 6420
259 71
300 1710
71 61
271 81
121 81
300 5300
75 71
112 51
140 51
298 91
93 91
85 61
188 61
300 6980
71 31
235 5635
292 51
300 4640
263 11
236 91
206 81
242 11
210 1
291 81
237 41
300 4650
257 51
247 21
121 31
243 61
21 41
26 31
206 41
91 61
181 81
69 51
295 81
300 6920
270 1
240 51
170 81
242 41
271 1
38 41
243 51
267 7274
300 3700
250 21
128 41
18 21
300 2280
282 41
300 4560
300 1640
208 4414
59 355
300 3150
300 3810
165 41
138 11
175 51
300 6050
139 1971
70 71
36 51
105 11
81 91
107 21
25 1
230 81
286 51
247 61
44 81
300 6130
149 61
151 91
209 81
252 11
126 71
300 7500
37 61
161 91
184 3454
105 41
46 31
66 71
145 91
47 21
290 11
121 71
153 61
102 81
88 790
206 51
300 4720
300 7880
300 8880
261 61
300 6880
300 8040
172 11
73 91
54 21
245 91
300 8970
223 1
32 1
284 21
225 51
299 91
156 91
291 21
300 680
269 81
161 31
45 11
284 61
300 6760
202 61
65 81
257 31
300 6950
173 41
169 1
259 11
258 1
212 31
254 51
187 91
300 4470
300 1090
114 61
94 31
116 31
171 21
251 1
300 6230
283 61
127 11
89 51
293 21
72 51
82 91
63 21
298 51
245 21
300 2360
138 1
171 1
195 1
300 1430
300 5230
244 81
102 31
230 11
191 21
93 31
85 737
261 31
298 21
300 1680
88 81
300 1940
300 3950
300 4900
225 81
300 210
300 7280
300 1330
262 51
300 7350
238 21
138 1943
204 61
60 71
161 71
181 61
6 1
109 11
80 41
32 71
274 21
19 11
300 4850
259 61
161 41
300 770
52 61
300 4910
231 91
300 7560
139 31
43 41
257 91
296 91
300 8690
221 41
88 31
87 1
300 5370
294 61
240 41
56 320
251 81
98 51
300 3300
282 11
300 3940
300 7730
300 3340
96 71
268 1
287 71
241 61
300 8320
252 61
59 61
126 81
300 6830
300 6240
300 220
87 772
126 51
300 2200
274 31
300 3170
255 71
300 1
231 51
222 91
256 71
152 41
163 41
258 61
158 11
156 81
216 51
87 91
174 91
300 8520
281 31
200 61
94 11
300 5400
168 81
112 61
248 6275
298 11
257 1
300 7630
300 5480
254 6583
136 81
300 290
76 71
201 41
168 61
149 2265
157 21
61 31
300 1560
240 91
62 392
206 21
122 61
288 11
217 81
288 51
158 61
60 367
300 1460
264 7111
238 91
30 71
