100
1 44926
2 66 25
2 547 380
2 169 626
2 356 851
2 37 252
2 335 516
1 64425
1 53041
1 36964
2 227 96
1 48845
2 486 337
2 115 42
1 30562
2 94 35
1 56086
2 188 221
1 37310
2 307 254
2 168 241
2 387 547
2 207 541
1 17892
1 32532
2 341 103
2 410 993
2 37 249
2 37 201
1 52192
1 45901
2 513 161
2 320 131
1 17893
1 4968
1 34249
1 19303
1 22911
1 61290
2 385 268
1 58599
1 40261
2 317 541
2 268 377
2 129 53
2 642 887
2 697 889
2 89 227
1 53002
2 544 321
1 40763
2 143 98
2 79 426
1 16749
2 877 515
2 396 89
1 60173
1 44584
2 479 655
2 113 83
1 55993
2 99 217
1 56799
2 22 115
2 493 350
1 32317
1 1550
2 389 929
1 16683
2 257 401
1 38626
2 81 112
2 289 214
1 63455
2 655 121
2 217 562
1 34400
2 73 204
1 51023
2 94 111
1 11029
2 439 78
1 13308
2 100 541
2 203 523
1 1140
2 835 489
1 17821
2 439 361
1 48475
2 373 84
1 678
1 46831
1 53979
2 362 265
1 15260
1 25237
1 48700
2 219 92
2 10 73
