30
1
1
2
2 1
3
1 2 3
5
1 2 3 4 5
5
5 2 3 4 1
623
-985 994 -983 -983 984 -969 -967 -963 -961 980 980 -959 -957 980 980 -955 -947 -937 974 -919 960 -919 -911 950 -903 -897 -889 948 946 -853 -847 -847 940 938 -847 -839 -839 -839 930 -819 -817 -815 -813 -809 -805 -801 -801 -791 -791 -785 924 -781 -773 924 -767 -759 -747 -743 -741 -737 -735 -731 922 922 900 -725 896 888 888 -723 -699 -699 886 -697 -693 -689 884 -687 -681 862 -679 -679 -667 860 -663 856 -659 -651 -649 -647 854 854 852 -643 -637 -637 -637 -637 -625 -623 -623 -609 -607 -607 -605 -583 -581 -579 844 840 -573 834 -573 -563 -557 832 832 830 -547 -539 -533 828 824 812 -519 802 798 -511 -511 -505 -501 780 -499 -495 -493 -477 -469 -467 -449 770 -447 -441 -421 -421 754 752 -397 -391 -389 -387 -385 746 -377 730 -359 -353 -347 728 728 -343 -341 -333 -331 -325 714 -325 -307 -299 -293 -291 -283 -273 -273 -269 -253 704 -245 700 696 -231 690 -231 688 676 -231 674 -227 674 -221 -211 -203 -183 -161 -157 -143 666 -121 -113 -91 -85 -81 -79 -77 -77 -65 -63 -49 -41 -39 650 -37 -37 632 -35 -35 -33 -31 626 624 -21 -21 620 618 -13 616 -11 608 -7 -1 7 602 13 15 594 17 21 35 37 49 51 61 77 77 81 81 572 572 87 572 89 91 97 572 572 99 113 113 117 119 572 127 131 568 139 143 546 143 165 165 546 528 506 496 173 177 187 492 490 189 195 484 480 201 476 201 203 217 227 470 229 464 237 239 462 462 239 243 460 247 263 265 265 271 452 273 448 275 279 287 293 301 448 301 446 442 305 418 418 323 412 402 325 329 390 390 335 335 386 337 341 376 345 345 376 359 365 362 377 385 399 409 429 431 433 360 447 360 350 346 463 463 334 473 489 491 507 509 324 320 517 308 304 276 519 276 521 537 541 547 549 553 561 561 579 589 254 615 242 617 631 663 665 671 673 240 232 677 679 689 691 230 226 693 715 729 224 733 735 222 737 214 741 741 747 751 755 759 765 781 781 210 791 791 791 208 198 192 184 819 819 819 182 819 825 182 174 833 837 847 170 847 168 861 156 861 875 889 154 891 897 154 897 140 899 919 126 126 927 124 110 931 933 104 96 94 935 935 939 86 951 953 955 973 86 76 70 66 56 46 46 44 30 26 26 16 16 0 0 0 0 0 0 0 -6 -12 -34 -58 -72 -78 -86 -90 -100 -104 -104 -130 -132 -138 -140 -152 -152 -154 -154 -154 -156 -162 -162 -174 -182 -182 -198 -198 -214 -214 -216 -232 -234 -244 -248 -252 -260 -260 -294 -302 -324 -328 -330 -336 -352 -354 -356 -358 -364 -366 -374 -392 -422 -422 -434 -442 -446 -448 -450 -460 -462 -462 -462 -466 -484 -484 -496 -496 -506 -510 -512 -520 -524 -532 -540 -544 -548 -558 -560 -564 -570 -572 -574 -580 -582 -584 -598 -598 -602 -604 -604 -614 -624 -630 -646 -650 -662 -666 -670 -674 -674 -682 -682 -692 -698 -714 -724 -726 -728 -730 -742 -746 -748 -750 -754 -758 -762 -772 -798 -800 -814 -834 -872 -884 -896 -896 -896 -910 -912 -924 -928 -950 -950 -962 -962 -962 -970 -978 -978 -980
336
996 990 -983 990 -979 952 -929 -891 948 -885 948 -883 946 -849 946 -847 934 -841 -835 922 -819 916 -805 -803 -783 912 910 -777 -763 900 896 -761 -759 -737 -733 896 -693 -689 884 880 858 836 -689 824 -683 822 798 -665 -661 -659 -635 -633 -605 798 790 -581 784 774 -571 -567 764 756 -549 738 -529 -523 730 728 728 -517 -511 718 -491 -475 -465 -449 714 -437 712 708 706 704 -429 -425 692 -421 -415 634 624 616 -413 -385 -385 -385 -379 -377 -377 -351 -351 -351 -349 -331 -329 -319 -299 -255 -243 616 -219 -201 -195 604 -187 -181 602 -143 596 580 -129 -127 -105 -99 -97 574 564 -91 554 554 -77 -63 -55 -53 -39 -35 -31 540 538 502 -17 21 39 41 53 55 476 57 105 105 123 139 468 141 460 159 450 440 195 418 396 370 201 219 362 225 358 350 233 241 348 245 245 287 287 348 293 322 319 361 363 320 308 389 407 427 435 294 475 501 507 507 521 280 525 527 539 553 272 561 583 595 609 611 250 611 623 647 663 228 224 679 683 693 693 693 707 170 166 154 148 719 146 146 731 747 747 761 138 769 779 795 841 865 867 136 116 869 877 887 893 899 903 903 907 917 96 943 945 955 959 94 82 78 70 68 963 965 8 973 979 987 0 0 0 -14 -26 -26 -46 -46 -66 -78 -98 -122 -136 -152 -158 -162 -166 -180 -182 -196 -210 -232 -242 -266 -282 -300 -306 -308 -308 -336 -340 -346 -380 -390 -398 -408 -430 -442 -476 -476 -500 -504 -506 -506 -546 -560 -578 -578 -600 -602 -616 -616 -616 -630 -640 -644 -668 -676 -692 -692 -708 -734 -774 -782 -804 -810 -818 -850 -868 -872 -872 -894 -924 -930 -968 -984
406
-983 994 982 -977 -971 -965 -957 -955 -941 980 -935 -907 -899 -897 -881 968 -881 -869 -865 -863 -857 -853 -851 -847 966 -833 960 -819 -799 -781 -777 -759 -741 954 -715 942 940 -713 -713 936 -703 -683 -679 -657 932 -649 -637 -631 -627 -613 930 916 -605 -601 900 -601 -595 -587 886 882 -551 -517 -509 -499 -499 -495 -475 -455 -455 -451 850 830 828 -433 -433 826 -423 -409 820 -407 -365 804 -351 802 794 -347 -347 -335 -333 794 -311 -297 -287 768 762 -287 -273 -273 -247 -247 -245 -239 -231 -231 -213 760 -203 -203 -197 -185 -175 758 -145 -143 -133 -133 748 -129 -121 -99 730 -93 728 -91 714 -89 -77 -77 694 -63 -53 -35 686 -33 686 7 11 11 13 43 51 65 77 109 115 121 131 678 674 658 131 133 147 656 650 157 159 169 646 173 638 624 187 602 199 209 231 598 233 596 586 241 582 580 558 243 558 548 265 544 275 279 287 542 303 345 536 345 367 369 371 514 371 494 385 484 478 385 476 389 393 407 472 425 429 447 455 460 460 457 461 467 452 452 471 434 483 434 491 497 505 513 517 523 531 551 559 561 418 571 408 591 607 611 627 637 647 655 663 673 711 404 719 725 763 392 384 783 793 819 847 847 376 861 358 869 356 330 889 929 322 949 963 973 312 292 282 280 278 973 258 981 985 987 248 238 236 234 204 182 168 162 156 154 152 128 124 110 106 96 92 88 82 78 70 66 62 40 34 24 22 14 0 0 0 0 -6 -18 -20 -34 -66 -80 -110 -110 -126 -154 -158 -168 -176 -178 -180 -196 -196 -212 -218 -226 -242 -262 -286 -290 -294 -308 -338 -340 -350 -358 -364 -364 -386 -398 -404 -404 -412 -432 -438 -440 -440 -442 -454 -462 -476 -484 -518 -526 -546 -546 -562 -582 -600 -600 -604 -610 -640 -644 -650 -660 -674 -676 -704 -706 -718 -718 -720 -740 -746 -756 -770 -770 -770 -774 -780 -792 -802 -824 -826 -836 -852 -852 -858 -860 -864 -884 -886 -904 -906 -908 -924 -924 -928 -934 -936 -944 -962 -968 -978 -980
388
996 996 986 -989 -983 -983 -957 968 -955 -953 960 956 -945 -935 924 -921 -903 -889 -887 -885 -865 -851 -837 916 -819 910 908 904 -771 896 -765 -761 896 -759 858 -759 -733 858 -725 -723 -715 -715 -713 -691 -673 -665 854 -657 850 -657 -641 832 826 -641 -637 -637 -617 -595 -579 -571 -525 826 -525 -519 814 814 -517 -509 -507 -499 -497 -491 -487 -481 -451 790 778 766 -441 756 754 -433 754 742 -429 742 726 722 -429 -421 682 -407 682 -403 -397 -393 -387 -379 668 662 -377 -329 -325 638 616 606 586 564 -305 554 -305 546 546 -297 -281 -257 -253 546 -253 532 530 522 516 -231 510 -225 476 -179 -169 -147 -143 472 466 -143 -133 -117 -109 -101 -99 -57 -41 -37 462 -29 -27 446 -27 -23 -15 1 7 7 59 71 83 133 434 151 165 165 430 169 404 189 207 207 209 221 398 253 267 267 396 360 350 269 312 286 273 339 371 266 375 381 389 413 429 429 238 469 479 493 501 507 236 220 511 515 220 537 212 553 557 210 557 559 563 206 202 184 577 613 176 168 154 633 637 152 639 142 669 671 110 106 673 693 709 723 723 725 731 98 749 759 771 90 795 86 803 86 805 807 84 819 819 825 837 847 847 851 58 861 861 871 883 913 44 917 941 957 959 959 959 42 28 26 24 0 0 0 0 -10 -26 -26 -30 -44 -66 -80 -90 -98 -98 -100 -112 -112 -122 -124 -132 -132 -136 -140 -154 -156 -168 -172 -176 -182 -184 -196 -206 -210 -214 -220 -230 -234 -240 -250 -250 -256 -266 -266 -286 -308 -322 -338 -352 -352 -364 -364 -364 -382 -388 -390 -396 -416 -452 -456 -462 -472 -494 -498 -498 -500 -504 -514 -534 -546 -546 -546 -548 -548 -548 -556 -560 -574 -578 -612 -614 -616 -630 -632 -632 -636 -650 -666 -682 -682 -692 -704 -714 -716 -726 -748 -754 -770 -802 -810 -822 -824 -832 -854 -856 -864 -866 -872 -880 -898 -902 -910 -916 -924 -926 -938 -956 -976 -978 -986 -988 -998
384
988 -999 954 936 930 -975 -955 -943 -939 -921 -897 924 -897 -893 846 -891 -889 -881 -861 -849 -849 -847 828 -843 -819 -819 -819 818 808 -811 -801 806 798 -779 -769 -765 792 -741 788 770 770 -739 -717 766 -711 -703 766 754 744 -701 -693 744 714 698 -689 -665 686 -661 -651 -645 -637 -633 -633 660 658 650 -629 644 642 -627 -603 -601 -599 638 -583 -581 -573 624 622 -569 620 616 606 -569 -567 600 570 -565 -533 -523 566 -507 562 552 -501 -497 -491 508 -489 -489 506 -487 -487 -483 -475 -463 -455 456 -451 452 448 442 440 -445 -435 -431 -429 -395 412 -385 -373 400 -367 398 -353 -351 -343 396 -339 384 -331 -319 -305 368 -299 -273 -259 364 -251 -231 -231 364 -221 358 -213 350 -201 -197 -169 -159 334 -157 330 -143 -141 -141 -133 -127 -121 -119 -117 -113 -93 -77 -77 -65 -65 -53 -39 330 -35 -35 -25 322 298 -25 -25 288 -19 280 -7 27 39 55 65 77 77 91 119 278 258 202 202 119 190 133 178 170 135 171 168 154 173 187 213 217 217 150 144 132 130 231 247 253 98 94 267 273 295 297 74 311 34 317 321 333 335 347 349 22 359 399 405 407 12 407 6 2 425 435 0 441 455 0 0 0 -20 455 461 463 465 -32 469 507 539 567 579 581 -48 -64 593 -68 -76 -76 597 605 605 -80 -84 -86 617 623 659 -88 665 673 677 691 703 707 -88 715 723 -92 739 747 777 777 -110 785 791 805 -134 817 841 -168 853 855 861 869 897 -172 905 909 911 -174 923 933 933 949 981 -204 989 -206 -242 -258 -264 -272 -282 -282 -286 -294 -296 -306 -308 -350 -368 -388 -406 -434 -434 -438 -438 -452 -468 -468 -484 -498 -500 -504 -506 -508 -566 -566 -578 -598 -598 -598 -606 -614 -616 -636 -638 -646 -674 -688 -688 -700 -700 -728 -728 -748 -770 -770 -776 -784 -822 -826 -826 -834 -840 -844 -858 -882 -882 -882 -900 -902 -938 -942 -958 -990 -992 -994
526
1000 -973 998 -971 996 -965 -959 -957 988 -953 -947 986 -921 -909 -903 -903 970 -891 -869 964 -869 -855 962 -847 -845 -837 958 -829 -819 -817 956 -815 -797 -795 -793 -791 -781 950 942 -781 -781 -767 -755 938 -751 -751 -745 938 -741 -737 932 904 -737 -735 -719 -715 -715 886 -713 -699 -697 872 868 -693 -693 866 858 -685 856 854 -681 -665 -665 852 842 826 810 792 -665 784 774 -665 762 -663 -653 -651 758 -649 -641 754 746 -637 734 -623 -621 732 728 -619 -613 724 -597 724 -581 -569 -567 718 718 -547 -539 -525 -523 706 -507 704 -491 -487 -469 -455 -451 -447 702 -431 -429 -399 -377 -377 -377 700 -365 -361 -359 700 686 682 670 -359 -347 -315 664 -315 -311 -307 -299 -297 -277 -273 -263 -263 -247 -235 662 648 606 -231 -231 -231 602 -223 -209 592 590 -207 -197 -187 572 -187 -175 -125 -121 564 560 550 546 -119 -105 -99 -95 -91 -91 -83 -49 -45 -41 -35 -31 -29 -29 -21 13 15 546 49 546 49 532 55 530 63 77 528 77 87 91 99 528 522 506 101 117 119 484 482 121 131 133 135 139 476 141 143 143 165 169 183 187 195 474 201 468 221 442 231 235 237 241 432 247 253 432 424 269 424 269 273 275 295 422 422 299 305 315 319 418 410 404 329 329 333 337 400 349 357 357 369 396 373 379 385 392 385 393 390 380 427 429 433 439 364 445 356 453 453 354 469 469 471 475 477 491 499 503 521 523 352 553 581 583 595 352 350 595 350 613 617 631 336 330 637 330 326 655 665 677 677 689 693 693 693 699 707 322 318 715 312 715 717 312 308 735 737 308 306 741 763 777 779 781 783 819 819 823 827 863 867 875 903 284 907 282 911 913 949 969 969 973 975 280 264 977 258 256 256 254 242 238 238 236 232 228 220 218 206 204 196 182 174 156 154 154 148 140 136 136 132 132 132 132 132 126 126 106 104 100 88 88 76 70 66 48 24 20 14 0 0 0 -4 -10 -26 -28 -44 -56 -62 -66 -70 -74 -78 -90 -96 -116 -122 -122 -130 -132 -156 -158 -168 -176 -178 -182 -194 -210 -210 -212 -224 -226 -228 -232 -246 -250 -260 -266 -266 -276 -278 -286 -286 -290 -294 -308 -308 -320 -344 -346 -350 -364 -366 -366 -370 -380 -390 -410 -418 -418 -438 -440 -444 -462 -476 -484 -486 -502 -510 -512 -526 -528 -574 -584 -596 -630 -638 -638 -638 -642 -652 -656 -660 -668 -678 -678 -690 -696 -712 -726 -728 -734 -740 -746 -752 -756 -756 -764 -770 -770 -770 -770 -776 -780 -796 -802 -806 -806 -818 -820 -828 -842 -844 -854 -870 -888 -926 -926 -930 -942 -962 -974 -990
129
-995 -963 -945 -821 -741 -693 -693 990 -663 980 840 -647 756 -635 748 -587 -539 738 -511 -509 -507 -467 666 -445 644 -411 -407 616 -385 616 -345 -245 -215 -209 570 558 548 -207 -169 -143 528 -91 -53 462 410 404 25 33 364 35 240 196 39 49 63 77 156 103 111 121 161 148 187 144 251 275 130 283 349 126 371 377 395 30 8 415 431 539 569 0 605 689 707 -28 -108 -112 715 -130 -138 -140 -148 -290 825 839 -332 855 889 927 941 989 -334 -342 -350 -360 -386 -406 -418 -520 -534 -542 -660 -662 -682 -766 -772 -784 -788 -850 -858 -906 -930 -938 -954 -954 -960 -964 -974 -988 -990
455
-971 -947 -943 -939 -927 -925 -901 994 994 -889 982 966 -885 966 964 962 -875 -871 960 -869 -863 -849 -847 944 -839 936 932 -825 -819 -789 -779 910 -769 -767 906 896 -767 -745 884 -737 882 -737 -733 872 -723 -721 848 808 -711 -705 -689 -675 808 -663 808 796 -663 -649 780 -635 774 762 -631 760 -613 -609 -609 -599 758 748 744 736 728 -599 -567 -561 722 -555 -553 694 -539 674 644 -539 -539 622 -525 616 608 598 -521 594 -511 594 -509 -495 -481 -461 -415 590 582 578 572 572 -395 -391 564 -385 -371 -347 -339 -325 562 -323 -313 -303 -299 546 546 -287 -265 546 -257 540 -231 -221 -217 -217 -211 -209 536 532 -205 522 -197 514 -181 -179 -169 506 504 -167 -165 500 -165 -161 496 492 488 484 -147 -133 474 -131 -129 462 440 430 400 -99 -79 400 396 -23 396 -7 388 7 386 7 374 7 354 304 284 13 278 274 270 29 47 55 69 77 77 87 89 250 91 248 95 248 111 216 204 198 188 184 119 119 131 143 182 159 180 176 172 169 170 173 170 168 173 142 175 181 136 191 195 124 199 122 211 118 217 241 88 253 253 257 259 88 273 88 78 46 275 279 309 315 325 331 333 36 341 28 353 371 371 371 371 381 389 26 395 401 401 403 4 0 413 -6 415 417 -10 421 -22 -38 -40 -42 441 -50 469 -70 -72 477 -86 487 497 -88 -98 -100 511 515 525 525 533 535 539 -104 541 -104 545 -104 561 -112 573 -116 575 581 585 -124 593 -124 637 645 649 -126 689 689 693 -132 699 713 -134 713 -140 715 715 715 725 727 -144 -144 735 743 -152 743 753 765 767 771 779 785 793 -154 819 835 845 -154 -160 -168 861 861 861 897 -174 901 913 -174 917 919 923 931 935 945 947 953 959 -186 959 973 975 -188 -194 977 -198 987 -216 -224 -234 -238 -242 -248 -248 -250 -256 -264 -266 -274 -294 -294 -308 -308 -330 -350 -356 -358 -364 -366 -382 -388 -406 -410 -410 -412 -424 -428 -462 -462 -462 -468 -478 -492 -494 -512 -512 -532 -546 -548 -550 -552 -560 -574 -588 -600 -610 -614 -616 -616 -622 -624 -624 -630 -636 -644 -650 -658 -680 -728 -742 -760 -768 -782 -792 -798 -798 -800 -818 -820 -832 -834 -842 -848 -868 -884 -906 -910 -926 -934 -944 -958 -960 -962 -968
202
-917 1000 968 -895 -891 -819 924 -791 882 -763 -709 872 834 -693 832 756 756 -669 -669 724 -669 -649 -597 704 -533 -517 -515 682 682 -469 -469 -451 -429 -429 674 660 -421 -407 -399 -387 -385 642 632 -381 624 -375 624 -359 -329 -327 -313 -255 -229 -221 -221 598 594 -209 -207 574 -195 -159 570 -117 -115 -107 522 -87 -17 518 13 508 504 504 17 27 494 474 37 49 51 95 466 101 165 217 231 464 285 462 319 448 444 351 428 385 435 451 453 495 507 521 541 424 547 418 549 577 597 637 637 368 653 298 657 663 697 699 741 260 749 751 763 238 767 791 829 831 891 234 168 146 891 909 110 935 104 102 959 975 78 70 977 52 52 0 0 -2 -6 -14 -16 -28 -36 -48 -76 -98 -104 -132 -154 -168 -196 -198 -208 -216 -226 -292 -318 -338 -366 -376 -396 -462 -494 -500 -504 -512 -528 -560 -566 -640 -672 -674 -686 -696 -702 -724 -726 -748 -760 -776 -840 -854 -866 -878 -890 -894 -900 -938 -952 -966 -966 -988
375
-991 -987 -961 988 -961 -949 984 970 968 938 -933 -931 -889 936 -887 -883 -871 926 -857 -847 924 924 -847 918 -825 912 -825 -819 -819 910 -817 -805 -781 910 -777 -761 904 -759 -759 -737 -737 -735 -713 -713 -693 -685 -679 -657 900 900 896 890 882 -645 882 -645 -633 -627 870 -623 -609 -607 -599 842 -585 826 818 814 810 -583 -583 -539 -531 -509 -503 -501 -477 802 -455 -425 -423 -415 -407 -401 -379 -369 -365 -341 -329 792 -319 788 -317 -315 784 -315 -309 -287 770 -275 -273 -273 748 -271 -261 744 -255 -249 732 -243 -219 -217 -209 -203 -191 730 -163 704 -145 -143 704 -139 -119 -99 -91 -69 672 658 -65 -49 624 612 606 552 -9 -1 1 7 13 13 21 546 49 528 528 67 77 105 129 143 524 143 151 151 157 516 165 516 506 173 205 504 209 217 231 231 464 245 247 454 251 452 438 434 263 414 287 289 291 299 301 388 311 321 384 327 370 329 370 366 341 349 364 351 358 358 354 351 355 352 332 367 324 314 367 312 371 304 371 298 284 387 407 407 266 264 419 419 419 423 463 467 469 475 254 481 234 210 483 493 511 525 208 531 533 192 543 561 192 575 577 579 156 581 583 593 615 649 665 693 705 715 745 757 148 132 763 126 765 765 126 96 775 793 795 84 803 805 815 825 839 853 887 84 897 901 915 82 941 56 941 951 975 26 989 14 12 0 0 -6 -8 -18 -52 -52 -80 -84 -110 -124 -140 -140 -174 -176 -178 -196 -204 -224 -250 -264 -270 -278 -288 -294 -308 -314 -328 -330 -338 -340 -348 -350 -352 -368 -390 -394 -406 -412 -416 -434 -434 -448 -480 -484 -496 -508 -532 -532 -544 -572 -582 -616 -630 -632 -636 -638 -684 -692 -702 -720 -746 -748 -748 -752 -754 -758 -780 -792 -792 -810 -818 -820 -850 -854 -858 -874 -876 -898 -900 -920 -922 -924 -972 -976 -988 -992 -998
1000
-483 974 509 840 413 -231 -877 -55 131 -715 644 651 -803 -457 925 -476 -917 49 91 744 -602 117 -181 99 568 -923 -195 -946 -213 -972 -235 455 -199 456 541 -978 11 -899 366 407 229 49 -771 388 652 -259 347 -256 -47 510 -685 -736 -687 -1 -507 -288 842 -671 497 84 -541 -392 -410 -617 708 -707 725 71 707 229 -361 -315 30 -839 -197 435 -270 -583 299 857 -661 -314 -429 188 440 -299 -190 851 763 -810 -143 260 -984 -851 419 561 -100 333 297 529 703 -307 -641 -381 441 -478 613 672 277 297 -931 -924 -873 -121 -11 693 785 -112 -957 -343 -777 833 732 305 88 -724 -235 917 -473 -343 -143 979 759 -721 -29 937 -253 -649 0 -875 52 745 -510 416 161 175 383 -248 459 21 -27 -385 -963 -950 798 770 771 -512 583 432 886 -535 -49 469 -173 993 940 966 -329 811 -660 -145 -59 769 -889 819 61 63 -509 575 455 763 -359 -832 -852 17 33 215 628 -335 122 847 -327 -535 -882 -165 -375 635 -896 844 -187 -881 -800 382 -749 -891 218 -749 209 245 492 -195 -222 679 -546 -451 -143 -200 121 747 647 -466 275 595 -143 -790 651 259 -995 -871 135 957 305 -510 594 419 -273 275 276 -441 -519 255 -55 -975 -847 202 464 794 -418 -140 955 427 -272 -847 855 -257 291 677 11 984 451 877 -125 359 363 -399 515 903 953 854 703 -169 803 610 -196 -39 533 910 399 181 -220 552 432 -343 -369 880 -374 -776 -146 -131 -312 -168 -825 949 -121 670 -124 -624 479 -871 -608 532 -158 -293 -115 -923 -225 -765 865 -223 -789 -174 231 -811 -215 -567 3 -55 348 -949 906 -908 -525 -721 -237 390 413 -659 -399 -482 -764 62 121 -159 177 947 -67 736 668 -358 -755 -728 555 301 -767 -385 -637 -745 -313 832 627 -901 -27 -375 -210 -846 172 11 448 81 269 961 -847 -973 217 -48 -204 -392 -936 -497 352 80 883 -679 -889 0 225 495 -835 -341 299 -277 431 764 -725 -853 248 -603 965 739 669 -665 -840 239 -966 468 -474 -579 265 -660 13 -112 203 672 118 -733 -489 -612 -306 386 504 -726 688 315 584 60 -21 331 630 -252 302 624 -319 246 325 -905 -179 -518 -957 -812 803 -346 975 -819 671 -106 58 -40 -680 -592 -299 731 -871 -213 962 98 -143 -208 -866 417 881 -2 301 701 329 -290 -407 188 485 799 273 -308 503 18 886 -806 137 -293 363 -465 -506 -563 539 366 205 247 -268 557 -718 -329 767 910 753 -579 -413 -987 141 304 -679 -131 -873 -394 -23 570 -217 -964 -583 315 113 -249 -744 819 284 -59 635 305 616 945 247 -603 533 501 -52 667 -277 536 87 -154 863 396 -961 -126 -446 -150 -317 855 355 -286 -531 427 968 -524 -323 22 267 -98 -904 758 32 -893 -767 507 358 897 -724 627 61 -808 183 43 -889 701 255 -861 -253 981 865 66 473 243 -605 921 959 179 -122 709 -880 -91 213 547 -829 -424 759 779 927 145 882 -543 -390 -571 -209 -213 660 843 709 -429 -837 863 214 -539 597 -446 -693 361 -721 772 -257 341 256 -217 -968 -673 519 -667 -420 385 -723 845 373 -620 827 -231 594 -372 276 -608 -481 -483 713 -858 -489 808 -457 135 -23 0 -843 -698 19 261 -264 -962 -814 -852 -385 27 965 -955 -742 -224 -896 959 -838 769 -896 -671 -52 -83 -822 -343 -871 181 114 987 43 -406 -3 -236 -737 789 55 -957 161 131 -417 -441 293 429 -693 508 -809 119 -805 -350 319 690 -878 -763 59 -121 -857 801 499 -533 7 606 -122 -409 -665 -703 -643 734 748 -165 -621 581 -648 917 693 278 3 489 415 919 356 649 -591 154 -443 -865 -686 716 737 -692 789 -119 516 57 467 -537 315 938 -85 51 -52 -29 770 587 -558 -623 -867 96 935 -267 -548 -131 269 987 -910 -917 -12 660 76 -330 124 706 -116 114 742 -672 -818 -210 700 366 502 110 -156 0 972 -746 -30 90 252 278 -286 338 894 -544 -528 -850 -538 416 668 -764 528 698 -228 -784 944 850 -112 -266 -182 0 -466 820 -624 -294 606 154 790 -548 -134 406 340 -864 -236 -832 26 574 -616 -14 -232 618 224 -82 184 -380 -924 924 -646 -98 -134 340 282 824 296 78 -374 922 -264 -346 -374 930 672 -630 -810 182 266 392 -894 -946 962 588 642 190 770 -408 104 -794 638 90 -856 -420 -110 -94 440 -74 262 -198 -132 994 158 -498 254 858 184 -730 -270 -228 574 616 -306 -986 546 350 -2 -234 128 454 -928 386 -652 -196 940 -404 -556 528 234 -868 -258 480 -26 -724 -474 -44 938 650 -140 -94 78 60 -550 814 -770 820 -986 -486 858 -78 692 596 -450 742 -462 -606 702 -798 -140 234 328 -688 -172 -730 -728 -300 -722 -42 -978 -550 -584 -74 -244 196 592 -566 710 -22 744 910 748 -748 384 -988 -56 762 924 572 420 554 -182 520 774 -78 814 44 -234 -490 -88 -320 554 484 -960 714 -38 538 396 104 -110 -924 620 904 816 -524 -792 418 -714 416 -156 -438 592 116 492 -92 728 -594 880 -986 -616 -220 606 80 -386 672 -610 44 270 832 518 984 572 436 310 506 154 390 -390 -798 -616 -760
1000
897 -190 253 -210 -142 -549 495 -804 -279 589 -31 -568 724 -281 -406 511 -198 93 -471 72 39 973 451 -199 242 -889 -110 455 -509 493 717 240 39 -621 941 117 -403 140 -511 462 711 894 89 311 889 -174 -65 35 -657 -759 -620 -364 209 263 -386 218 972 -483 343 903 429 -782 502 375 -828 -30 -658 271 532 451 -438 -624 -569 -845 -936 -535 994 115 -352 195 688 653 -394 -25 676 507 -707 -771 -22 182 515 -68 -569 -35 -13 429 -393 643 637 897 -605 445 910 303 379 -375 -751 -475 -473 297 -760 -455 638 -739 -495 -517 790 91 322 -271 737 -388 199 841 -605 -165 -98 448 -135 796 925 -367 -45 840 953 63 -119 329 -935 -500 -733 749 480 -259 -351 499 77 -388 288 950 203 -721 871 -77 -846 -277 -956 126 -390 517 -103 -577 748 105 741 -910 -327 880 -393 53 -931 -7 -315 -305 -343 -953 757 202 -739 -814 999 340 97 -767 -897 231 -117 -848 113 -704 -468 -43 -300 378 477 -855 -726 -475 554 -183 -269 -744 827 -875 -63 917 572 589 -799 942 614 670 669 -319 246 641 681 895 589 967 -967 -339 795 -791 935 613 895 70 280 812 -497 321 -944 969 323 462 118 -107 -175 -202 0 553 -262 429 154 -537 187 -286 944 -8 -679 889 -149 -551 446 963 13 0 420 815 -736 827 -907 -754 -409 650 -59 -654 401 456 -949 -943 447 699 437 129 -968 -839 -647 807 -357 -329 -876 -529 -954 817 897 -318 193 659 459 532 -714 273 287 -555 -727 -895 827 -163 -215 629 559 862 302 -140 -578 965 811 -371 -151 -117 -501 718 -943 -180 7 13 -738 -217 531 -279 -266 -309 -329 -819 525 -444 239 455 -155 -127 -874 492 -374 312 241 -949 -930 163 695 -311 -646 875 0 663 945 770 -884 917 606 -425 -959 981 507 -268 -936 616 -348 -845 -775 -63 507 14 -857 793 249 579 -315 307 287 -52 -385 517 -413 -865 -447 -705 570 441 91 113 -308 -707 -215 -970 -218 6 363 -935 219 579 -831 -260 -676 28 -561 143 21 -237 105 344 860 -332 -316 867 -768 286 -476 -81 -637 913 809 -671 -959 844 -269 -253 595 203 -442 -455 -410 -50 17 -866 249 -84 -182 777 451 -154 -117 -235 -113 -389 741 231 -209 469 -799 -420 -973 0 66 -715 626 -959 208 231 881 -593 -505 -288 345 -811 -731 99 -559 -811 377 -69 -421 -155 13 952 658 109 578 515 145 -581 -100 -120 -579 713 -284 -724 -627 -39 781 192 -732 20 189 -468 -835 -129 896 -613 525 -605 660 0 749 88 463 49 560 -67 -349 -279 891 -221 161 -338 637 -49 -996 99 -13 126 -932 827 -529 -946 373 -736 441 455 -141 466 875 -800 -619 -342 -599 285 812 -648 710 -766 -533 994 -888 -686 -922 526 -546 917 -208 -91 329 -287 -345 -871 -660 -845 -99 975 169 -189 -501 319 -11 -331 -151 -735 840 -364 301 -701 -126 889 -297 315 290 -135 -385 176 -1000 791 0 693 589 482 616 -671 973 391 42 604 -849 597 -659 374 -735 -949 711 744 -77 853 416 513 -819 -515 -488 -404 -660 -371 -341 -864 -832 -336 245 -975 525 -463 -609 801 917 601 -704 780 654 515 234 -346 -264 -630 608 -229 -566 286 -155 -931 -676 -655 -455 -847 875 -539 597 429 645 -273 320 63 -304 203 -691 711 78 999 -220 -847 197 -714 399 -168 272 -392 935 -949 -474 57 0 -238 417 494 187 707 616 835 79 -634 -871 -531 315 63 462 -146 -311 -462 759 198 -873 506 -858 631 825 60 312 67 959 -936 738 232 -462 -238 728 -429 -218 788 -770 157 -140 -843 -971 -931 -543 709 -259 -651 -79 915 898 121 993 218 -529 927 -805 955 -441 -611 -729 259 877 -546 -483 525 -57 -48 -69 767 -623 -230 -293 -144 -923 19 785 78 7 -87 -471 -286 650 -419 735 756 -973 -718 590 -6 -429 -484 -903 112 -272 853 -41 -354 98 -504 -826 -551 123 -777 -57 259 416 -791 -597 -696 -332 -425 177 -961 -111 83 425 -539 45 628 434 -341 -406 654 584 350 -767 448 315 339 347 772 -849 -126 -833 -166 -796 473 -559 992 806 -716 -936 -98 706 -504 910 -536 -980 268 -528 428 130 92 526 730 154 494 -318 880 -392 4 994 -194 522 -988 764 630 -580 -154 -314 -840 836 298 930 136 498 30 -442 -462 -108 -18 -70 -382 -524 928 656 400 564 510 864 318 0 698 398 -542 -64 -796 924 -858 -308 970 -386 -328 42 -442 -658 -528 -152 -88 244 -48 470 548 572 -996 676 160 -24 756 48 248 -336 998 298 186 242 520 -634 -806 -260 -406 574 -322 -214 630 -70 -98 -554 682 692 770 74 -258 742 -246 190 974 836 528 -512 -238 -660 -806 -484 -644 -136 600 188 854 616 -142 -624 -338 -454 -296 -546 904 528 -612 0 -908 646 946 550 840 -234 792 242 696 -964 818 -680 104 -154 -172 700 -392 88 364 862 376 942 -572 -46 -886 612 748 -836 306 -764 826 -86 -200 -188 -122 -130 490 -470 490 -552 -580 -648 -676 -908 -638 -10 992 410 44 382 774 -552 702 176 66 334 -426 514 -866 -820 -574 -66 814 0 -338 -722 -268 -858 -394 280 -748 -526 286
1000
-653 -329 -71 71 -968 742 -512 -91 243 435 293 -671 103 -95 -320 -686 326 -597 867 407 91 869 -401 273 -276 145 147 364 471 403 -176 525 581 -753 -155 -315 -336 985 629 859 -1 -350 217 791 931 908 -978 -110 19 -891 829 121 -952 -74 327 363 818 179 -405 -7 447 -625 882 819 179 -821 -84 913 -871 -419 602 -105 262 -741 45 453 973 -767 -69 60 517 689 -481 -125 -938 -364 -254 592 -857 -575 -354 928 15 -177 -791 -546 67 -825 0 -679 -337 -763 -391 788 766 315 -91 -59 896 -853 149 -929 -776 978 818 -69 15 -941 206 283 326 -327 757 -429 -130 187 -921 259 366 242 -529 780 -165 -499 -986 -888 -767 -289 0 313 -337 -271 -429 -703 -364 -67 -660 -662 310 -419 919 -765 -789 -910 -424 -470 -539 253 425 -795 -926 -715 -140 -682 418 -527 -147 807 -743 -897 736 929 -807 288 611 -915 161 511 275 941 229 -639 -479 -560 -449 41 -583 -835 -416 315 968 759 -174 169 -235 -821 -787 509 -224 -317 -675 -917 35 -351 286 -913 197 -633 317 195 233 -78 -741 455 -154 -295 -786 -273 833 -112 -889 155 839 463 81 398 191 -261 -265 287 784 -562 -198 489 253 637 943 912 709 595 -939 149 -127 363 487 -54 811 959 -871 -731 639 -9 77 86 319 -439 -462 143 842 644 861 111 931 104 -961 -693 -992 -904 475 441 60 -491 240 -677 383 79 -53 405 65 -924 709 -385 657 -401 -280 487 -544 307 322 -572 188 -751 143 143 -644 -880 -385 -531 -657 -503 -364 351 -58 126 858 473 180 -455 927 301 -39 -280 -581 -264 309 -283 91 -945 273 -455 -663 -539 169 303 -483 587 -35 -594 416 -665 511 265 -641 -843 -853 -938 814 529 27 847 642 907 -384 -702 -896 243 -836 -953 -596 297 -651 -891 -103 -231 -916 18 874 381 -203 216 -483 670 273 112 594 -850 -479 502 223 -536 673 365 -969 -399 884 -551 611 -390 55 968 902 795 -780 -364 -771 644 -707 469 -227 -683 -957 15 -588 393 -329 183 715 900 -217 -226 763 143 -799 489 148 -48 -33 379 -902 455 257 327 301 -370 -303 693 420 -984 -384 567 867 -616 719 623 957 -260 930 -497 -819 833 622 433 701 106 358 343 -728 197 -369 -854 -658 -825 -368 -685 703 -581 -655 224 946 104 413 285 157 -889 -224 -231 -359 577 923 760 -85 -495 407 -920 297 -342 -49 754 -187 -481 -797 -112 270 -162 -583 -549 787 -245 159 -917 847 197 733 429 792 -742 16 -54 31 -881 361 509 83 -753 623 225 497 -371 -937 -677 311 -861 984 -129 786 -840 -651 -755 209 991 578 491 -175 -890 -9 252 -553 -667 637 221 495 254 -189 469 589 -593 742 968 82 -814 931 658 -703 -505 791 153 734 827 -185 -807 -541 279 235 601 789 -869 -981 101 167 -954 -473 -565 -481 193 598 917 442 -7 -891 938 926 -759 -879 -143 -565 637 -544 582 -455 686 -82 -916 574 210 266 459 -965 -524 464 -871 -781 911 490 977 27 -585 952 -407 469 693 -469 -453 -336 808 942 317 49 513 -582 -857 234 -699 -707 853 -195 -133 -312 -333 624 -556 169 -113 -900 -847 -484 714 -425 873 -70 -406 520 221 730 385 -669 572 -143 816 -161 921 807 749 -623 -143 -679 953 118 918 -455 -691 -824 197 -591 -497 -869 -687 -315 889 -853 346 517 935 -403 -803 -34 219 144 -286 -37 -143 943 -821 -644 -117 737 488 -264 -593 -552 492 765 980 -585 -999 -469 241 -495 -34 -521 580 345 908 887 179 -287 91 717 623 -721 -598 431 -613 375 -297 -749 -375 -121 33 -747 -859 -819 -957 669 -182 -784 774 -442 866 -110 756 506 274 -334 148 462 360 -406 426 -312 -210 -630 462 278 -906 966 -478 -364 718 -572 -790 -882 -384 616 -560 -658 362 858 728 360 388 -862 -82 -632 612 280 74 330 630 70 286 -434 182 -912 832 522 -362 636 -226 -974 -582 -328 -572 -380 182 -468 134 -182 908 754 -442 722 -568 -714 -702 -360 -404 -196 522 494 -560 -812 -620 488 -816 362 22 -234 418 -958 -728 940 624 560 -142 774 -728 -94 -708 -318 -412 872 434 -286 378 -212 -764 -968 954 812 -656 506 986 -750 -34 266 -868 254 270 -612 -108 728 -770 -484 -324 -946 636 896 56 840 814 -64 92 440 -266 266 880 -782 -558 846 678 -704 -978 44 558 -426 -888 342 752 918 252 980 648 -246 -52 234 -572 614 876 520 -14 322 -788 -84 -852 206 712 -748 -276 -350 -442 -398 -64 -748 2 -146 -12 -672 -918 16 78 286 -176 -398 308 -80 -10 576 -462 980 312 -588 474 -286 436 914 908 678 -800 -978 -216 526 -466 -734 -468 -418 440 460 -246 -336 940 -188 -332 -910 440 390 484 986 -420 -726 378 -134 770 900 742 -168 -846 330 -356 272 -484 -424 -154 840 -364 -30 -442 -490 756 -160 594 -126 494 -126 -456 -142 -74 -352 -390 272 876 -462 912 884 708 -128 552 330 -106 -912 -156 -832 -678 346 -56 -364 -102 0 -48 -330 416 342 -312 -782 478 0 -710 320 -238 -182 646 942 -24 688 -298 -994 368 242 -834 132 -396 892 -334 -358 970 504 882 352 -236 618 -432
932
-91 -804 7 -477 -544 -437 -563 -355 243 15 -223 -743 -479 879 741 848 -636 -387 143 -780 -155 882 817 8 -973 995 -35 -396 569 -153 791 -522 757 287 99 -778 -586 231 -21 -71 958 -189 468 407 847 913 682 -203 707 140 261 -629 138 853 -810 -827 903 385 162 -802 569 300 -240 -737 -490 385 -377 -933 853 563 -431 -105 -107 785 -188 625 -61 429 -739 469 -393 601 76 -227 -594 -858 531 942 116 431 757 -858 -132 889 -51 191 140 -431 -663 -473 873 -547 -721 794 979 -312 -629 10 305 703 830 -224 513 36 169 -638 -123 767 574 919 286 117 35 -559 -49 917 641 352 785 322 -931 333 -605 -636 759 -743 -663 52 121 -648 -525 -799 639 -417 -994 -462 47 -693 844 -910 35 -202 155 -939 -561 -881 -759 -633 -463 192 320 721 775 455 -119 867 928 -825 789 665 -287 -28 -152 558 -85 343 312 -594 574 721 295 470 615 731 676 989 972 -931 -905 -784 -611 -110 -602 -696 221 5 -459 -175 519 15 210 -361 77 416 -406 291 -715 -53 697 637 897 -537 902 981 -400 313 -623 -220 183 351 303 -388 75 -957 755 -528 -367 637 -640 -564 -198 -35 187 319 -867 477 813 5 -566 539 -829 -469 -676 -520 -604 817 923 605 53 -893 121 -981 663 -484 473 -977 -661 860 999 -126 -558 377 979 409 13 -559 -681 961 -447 91 -595 56 -209 -308 -335 44 -483 637 290 77 -154 49 864 707 -486 -951 39 -180 142 913 -223 130 -694 -803 142 -92 763 213 459 431 -692 251 -513 -25 565 -883 -449 753 153 -539 -815 -13 -784 963 124 515 373 -179 -113 -333 -49 770 873 638 -680 20 546 -707 -399 513 -211 -73 891 -358 810 703 885 203 931 379 -459 493 -52 1 87 -607 -647 659 -666 -88 -266 -72 889 735 -854 390 13 -365 138 -756 -910 -855 -218 267 -225 643 991 -829 945 -779 825 297 -283 -833 54 649 944 595 734 364 122 -487 -343 -231 337 696 -941 789 464 -776 -160 638 0 11 242 195 797 693 -385 -63 6 274 -314 -572 880 252 247 572 341 -676 967 251 10 377 479 -632 -110 235 646 -247 -891 393 430 515 487 -315 -115 -345 -336 769 850 -119 554 780 -333 -624 -604 873 98 143 -440 -952 784 -615 651 378 -950 157 -346 -70 693 -728 875 305 -903 -259 125 280 -565 -897 277 -469 -958 221 121 -39 -561 -493 -301 157 909 -19 -187 773 485 -253 203 -52 -508 263 -63 875 299 -78 -33 253 -637 -809 -452 -107 433 126 770 -17 -495 495 223 221 -457 463 351 -228 -210 57 -509 -603 708 -422 539 -529 -676 149 -743 -285 -485 83 -462 -240 -232 -957 644 -866 360 -882 745 -736 -383 -469 141 126 275 153 -221 -457 -27 317 947 0 196 -641 -231 -603 215 985 -385 -932 -957 -217 -113 -210 399 353 -911 -736 273 371 872 922 611 -91 -938 695 -507 17 660 491 -559 177 -206 769 240 -749 494 -141 211 716 -706 69 927 183 -649 263 -434 -781 206 -572 524 -403 -445 -916 0 -484 -665 156 227 -809 507 517 273 133 -617 816 -373 -715 442 -709 -567 63 377 -159 145 231 813 427 598 -799 741 165 183 693 -201 975 908 527 385 -143 588 65 91 881 -618 -358 98 924 -957 -847 273 539 -246 -602 967 -429 987 539 948 794 -749 351 711 -807 419 638 791 273 -669 -743 -715 -915 -870 -871 -630 -770 542 126 -49 843 -430 -462 -11 -171 385 -217 393 177 151 -329 673 -917 -483 -291 -413 -887 -623 -998 -980 840 581 -169 -550 -147 521 -433 -703 894 369 616 413 -624 -352 672 128 452 256 700 48 -402 112 616 796 -264 910 828 -992 -896 -194 68 0 66 726 -966 -980 -812 -694 -996 -198 -850 130 572 184 -366 -348 -588 990 -178 -132 358 718 -378 -606 -294 -500 -480 -500 918 226 448 52 -52 554 302 -860 920 326 540 968 390 -286 660 50 -702 -242 -546 870 -936 676 -710 -452 336 258 -306 -334 380 156 452 210 904 536 -950 -96 630 -828 -512 -232 610 0 0 -168 -292 794 802 -910 644 -32 -256 28 -338 -826 264 -932 354 -42 -490 -56 484 -628 -750 -472 834 -958 -892 -438 114 -280 314 -220 -810 -564 -174 -266 -708 480 -450 972 722 238 -778 144 98 220 962 410 630 770 138 56 182 -120 -884 980 630 462 302 392 -402 940 970 -194 168 -322 -88 742 -728 0 984 -194 -758 -396 -672 182 -182 -308 -492 -104 192 122 -674 726 -28 346 -458 -268 -846 774 90 -896 -746 -152 -676 -236 -826 554 264 -136 120 186 -698 88 962 396 -518 208 -82 -592 182 -728 910 214 -440 606 304 -510 -232 194 -756 386 866 434 -322 -794 800 844 -454 -38 -686 -638 -730 -102 756 -210 946 812 796 -164 82 754 -898 -834 734 -546 -808 -922 924
345
26 -176 -744 -525 520 737 -590 79 -551 -917 564 -61 292 371 -595 -860 -904 411 -121 -983 -117 536 593 -421 -879 -818 513 939 924 351 207 39 671 -526 -140 249 -444 147 -592 -303 429 323 588 860 -785 660 575 -585 -781 -741 482 231 305 -812 -535 478 -706 -752 -880 299 -169 -399 721 105 -889 -220 479 283 385 809 826 754 791 961 4 450 743 -149 -341 -221 -377 715 389 -293 295 390 -665 -847 804 -673 -518 51 -287 -693 -902 209 -429 891 -691 -871 173 -241 596 -3 -907 462 451 -647 949 715 611 767 933 -187 -351 224 413 906 0 -591 317 -583 968 325 -20 -535 -454 366 -41 75 -274 -715 91 -949 17 -119 -122 -749 662 -483 454 857 -15 -203 291 220 -231 -229 962 559 73 41 -465 -798 -768 -648 -697 -151 583 559 851 -881 -507 441 371 728 637 359 511 -420 -192 7 -619 561 748 455 418 687 924 147 -731 -338 503 -715 787 91 -973 931 -25 -951 842 -573 -924 385 571 -762 -293 -951 -245 829 -486 -167 183 825 179 -120 979 908 601 282 -453 -770 679 -783 -91 390 616 -194 660 -671 796 -726 519 739 671 -631 179 923 445 769 734 -875 839 175 217 231 837 270 -58 786 -148 -161 -471 720 597 -767 -562 924 -689 -746 151 -19 721 -718 693 827 -955 735 -169 537 -202 265 996 377 -741 118 -319 361 -649 44 434 -66 490 268 -854 -492 -630 856 742 -374 -470 350 590 -530 -16 616 24 778 -768 -306 800 172 -244 -470 84 202 600 -302 -910 -382 -476 88 154 -468 -1000 214 582 -416 990 870 900 898 -216 -582 -348 990 -476 922 -872 456 -586 496 150 476 -90 846 -956 112 -796 -110 -676 -268 846 -678 -770 -158 96 614 -312 -804 130 776 242 338 -444
360
243 944 711 584 -869 441 -652 -13 -507 687 -869 110 695 121 -95 -33 -686 -987 65 -35 283 -253 -800 -418 954 301 539 273 684 -396 -473 67 -235 -680 357 -468 -588 560 -750 -352 -515 -883 -215 967 -431 -403 715 648 -165 847 173 -949 -126 -133 -717 -803 143 -262 892 715 141 522 531 902 -619 478 259 543 572 427 -911 -419 -242 -79 143 -828 -880 49 133 -122 829 -519 -392 -189 947 436 259 -913 877 781 -189 -728 68 446 -175 -46 7 -33 239 -371 -833 473 516 580 -311 -448 -715 -474 858 338 -511 -535 820 -329 -560 -597 -889 569 -267 -807 -819 931 845 -719 -697 -497 907 -203 55 -981 154 -533 919 355 -825 494 -939 277 709 317 -299 -897 -957 469 -742 611 -377 837 335 -908 -540 459 750 -711 -50 748 -445 -987 429 709 -231 -777 -55 -212 477 55 77 693 -591 581 877 35 -505 -212 -91 -426 893 -756 -729 -77 253 -829 -531 -449 -371 466 -543 717 -862 -385 890 -311 741 -959 -239 -153 -805 229 0 399 -443 364 601 -195 -567 28 -199 -77 892 273 -539 123 154 -744 -815 184 -421 132 -49 -303 806 -366 890 -578 99 -433 -851 749 696 73 707 -761 -7 131 359 364 814 329 442 154 -195 728 553 -117 -858 322 67 845 464 110 583 -533 -1000 726 -140 0 -200 416 -732 638 182 314 -140 196 306 -330 506 -894 -286 -770 254 -462 -924 -732 210 -422 -116 -330 684 -972 -484 -838 -426 -624 212 -394 48 -592 -52 -628 -426 44 -824 244 -686 -974 380 -26 668 -770 0 -544 -22 518 784 280 638 -702 -524 872 -230 784 718 614 -294 802 -174 530 992 922 -158 734 514 616 532 -506 -176 -748 -636 732 722 -112 -378 966 204 930 1000 210 -778 -400 -210 -904 -618 -880 -246 544 266 -758 -532 572 750 -318 168 -510 -392 -884 -714 196 -362 142
509
771 -61 -805 -55 -448 -46 -649 -975 247 -440 741 -237 -639 -393 750 200 55 -728 691 -1000 193 217 -880 56 413 837 -527 -169 -767 648 549 99 -65 888 -418 -264 831 -98 -403 -579 -311 -132 -831 -514 -767 346 -834 -884 252 -883 169 951 -913 477 767 739 -47 -763 293 -183 715 227 -603 -221 -847 -977 -561 973 329 -700 286 -329 -603 182 823 -617 -741 -931 795 203 -263 891 60 -182 -481 965 -887 711 617 -119 1000 -792 336 13 715 -567 907 952 -361 -139 89 -811 -693 -675 810 -616 -793 -953 -385 637 -711 793 -467 256 -506 144 415 -77 -392 -977 616 77 -473 28 -371 369 246 256 543 -171 -369 273 -966 209 -312 -903 -211 685 -791 -682 -203 357 333 327 -543 -792 -435 -699 539 -127 -427 910 -832 -767 25 -697 536 -993 119 -52 -641 924 -359 595 -970 -841 -131 -718 330 825 -399 945 262 -691 881 689 -559 -356 735 750 -508 962 638 281 611 260 117 -267 -600 -691 -699 472 497 755 -455 247 -147 -133 -946 296 -405 -506 -263 -252 -986 -805 -57 -983 630 119 397 -738 819 -737 -639 392 -847 -516 -537 223 -126 554 -462 -693 -71 463 847 429 -520 -431 181 -669 767 301 -913 287 -956 -303 -638 805 -887 315 763 -110 -905 -143 497 754 -213 -436 734 -51 949 103 -844 -405 385 -563 343 -259 -790 428 -200 390 -379 751 343 -759 315 -609 -725 767 -994 847 175 -300 931 609 -473 -124 -133 -994 -875 509 -715 465 -574 -403 553 -51 657 948 525 83 -819 -13 185 919 -853 -278 462 -91 -953 91 579 797 178 -868 -941 821 -377 -921 814 -583 -799 -657 -633 -966 -140 -327 -640 441 -454 -315 43 -912 56 641 313 67 -350 -614 946 251 -340 406 300 897 44 671 -293 -565 943 275 -715 -352 454 -919 -407 -225 943 624 -525 995 539 -329 291 -546 -271 -234 -686 -967 917 -455 609 122 0 -730 -396 93 -259 -585 -66 475 902 -42 343 -890 470 849 -663 -405 843 35 -515 -173 -261 990 553 205 -931 -807 860 0 512 -130 -806 682 -914 48 620 0 546 -442 -982 -568 -42 416 626 478 982 206 -560 -834 336 -448 988 -988 324 382 630 544 112 662 442 -228 274 -864 490 380 702 -714 910 -858 -234 92 8 128 482 -738 352 -826 780 -702 602 -556 -890 -316 -300 252 -98 686 136 -756 -964 976 -10 622 612 -200 -940 -726 -490 -490 932 -784 176 294 -872 576 604 170 -522 -842 666 830 -352 -392 182 -560 -684 -88 698 -990 4 114 -156 236 602 338 -822 -500 -880 910 -194 -496 -528 -60 -524 438 -280 -86 570 330 -856 -214 -770 -176 630
652
851 497 -902 -254 -207 -122 603 -379 -291 491 561 391 69 -887 168 -92 -433 -175 -888 -477 -720 -471 778 887 -643 -269 819 14 -479 509 948 567 -441 -324 -333 -253 790 813 -510 431 105 -937 -571 441 -819 105 127 -629 342 -656 233 289 -77 623 -753 -651 -469 -873 -307 -507 838 -133 -819 -798 860 -791 530 -843 -429 -847 -903 -77 476 -403 -1 -509 -481 542 692 -95 -775 27 -753 -299 32 -731 -577 -55 469 441 198 203 271 513 465 331 -992 -130 -627 -403 -2 968 39 910 870 988 -949 131 -126 -177 858 645 114 -76 -949 375 -715 -679 921 -393 -819 605 583 -503 390 366 -91 463 775 41 -763 753 -861 661 759 473 922 -971 866 -384 13 817 -687 89 -943 -197 -360 88 859 -105 -971 433 747 -875 -892 -303 389 219 -55 -825 329 -121 -294 647 -222 170 -93 959 -268 439 -716 44 -210 98 -663 975 -743 633 51 351 610 915 945 -887 -716 -31 -793 -165 -407 884 868 -974 -791 -160 572 -806 143 329 695 145 -146 -731 -184 407 -446 -319 825 933 431 196 -764 -747 -452 -53 561 -28 -984 -78 -988 781 -793 -215 -927 -532 -873 -883 902 659 -751 -366 -471 -897 360 610 99 -542 -280 920 615 91 -199 -847 -585 -435 -906 -432 483 -542 364 -256 391 177 177 586 362 -195 239 627 -112 -77 -884 287 -875 -7 655 -533 -675 -528 504 -793 847 851 113 693 572 403 -564 777 -791 273 892 831 -946 -333 -508 191 563 715 -973 -336 965 -893 621 501 5 892 -510 384 -727 -981 510 507 465 331 -741 -562 -824 267 587 658 -565 -439 917 -936 849 876 333 967 221 -396 49 86 583 0 -259 699 675 -593 960 -768 945 990 466 -451 -255 -371 121 291 611 -201 864 701 681 -526 -66 -378 -237 -761 -41 401 902 329 871 -564 -152 -915 817 -241 -409 357 891 216 283 529 -473 363 -38 -262 902 531 293 361 -41 -715 133 -231 143 783 995 539 -270 357 -647 252 550 399 -146 -174 -878 568 -357 -77 845 604 472 973 -56 478 -254 -856 484 651 131 -77 -980 187 594 -663 935 -297 -407 555 -390 899 -754 491 -902 567 -63 -976 -597 848 83 -817 -278 -587 454 -374 -69 -697 -613 -715 -784 -511 -585 767 -92 352 637 -651 992 -649 -306 -154 921 203 623 -660 -533 19 -171 77 861 -163 -480 987 429 -847 159 -385 -737 123 224 188 -117 932 -181 -614 584 637 -450 -232 -143 -579 -241 2 275 351 -783 591 197 -744 -645 575 980 -854 -263 177 -91 -126 -424 429 -770 78 -874 -517 -525 345 -892 949 900 501 -228 -736 232 32 849 793 604 577 -637 338 860 -478 -270 -616 106 -608 648 -756 -972 588 -508 -594 -714 -636 966 -836 576 322 -268 -358 0 118 208 -400 -616 538 378 616 646 -56 -182 456 -804 -36 -12 -462 650 500 -68 -650 -950 546 726 -798 -894 152 -440 374 262 442 0 -826 -988 566 -854 4 670 300 -590 516 -582 -832 174 -928 880 434 284 -110 322 692 562 -764 -682 132 -946 -484 -476 0 572 -252 542 418 -604 -564 -578 28 -884 210 190 -376 958 154 -728 702 -980 864 204 924 -630 -280 -508 916 -286 -298 -852 -2 -202 260 478 182 -354 -826 -182 -378 -678 -578 -722 262 -832 398 -28 -440 910 942 898 636 -686 -98 -484 364 -358 -928 556 -554 598 -532 -100 350 -744 -650
272
-525 67 891 -217 807 -442 261 942 -535 423 -827 273 707 591 275 17 -238 749 169 -143 76 154 -239 65 221 -579 231 99 -30 879 -507 591 -161 -791 367 -662 -719 -541 -482 369 416 -680 223 693 -833 330 -539 -959 553 -883 731 835 47 677 845 -735 -447 -555 -240 560 113 -129 -416 -364 943 -749 -751 -249 -332 319 26 -749 481 -491 -147 512 728 -173 1000 -425 489 -643 -695 -178 -574 -244 871 0 -726 182 -551 50 -222 -529 -545 -599 -775 318 363 -60 193 646 -169 -207 -641 99 511 677 969 -476 449 -95 -841 389 -286 435 -338 -154 -883 -915 114 -916 660 21 -39 -28 -154 553 917 161 -638 -143 603 -889 -31 547 455 378 749 245 770 -730 650 910 594 -924 -715 -957 188 364 169 821 -576 -595 -66 -804 -996 -877 784 140 728 709 367 -975 199 -420 -911 -911 -913 141 -273 -695 -715 -673 -793 678 429 -250 -142 884 648 273 929 -25 -455 -440 355 856 -196 -94 -996 937 954 -531 261 -375 -300 -48 531 564 540 -182 -706 -316 28 -876 314 698 -718 -162 -436 -126 788 -326 656 852 0 -378 -86 -418 74 854 -1000 -482 858 -260 -244 -1000 656 708 308 636 432 -684 -22 450 -584 -378 -86 -700 356 -676 184 310 -728 130 706 -412 -614 -666 24 862 762 -392 -974 792 308 572 -692 -858 464 -188 -270 166 812 -36 714 -282 -560 -622 76 -812
779
891 711 -313 -633 805 -234 -533 -607 715 -182 65 -641 -581 -551 -357 700 276 -737 -330 -949 429 883 -847 -686 -51 -685 -910 532 -585 -397 162 -33 -200 -945 -154 -740 -999 -143 -65 683 439 -917 -280 -889 -183 -969 -707 506 646 -429 985 -226 -301 -269 405 606 -156 -949 1 -700 352 -899 -311 -897 -475 -767 220 -929 -56 389 501 -459 -623 -731 670 115 819 869 -341 459 -635 -845 -925 511 -935 -896 -810 -770 209 697 749 -969 928 381 -77 468 -745 -211 410 871 880 429 -308 583 427 944 424 -292 -929 169 -906 -592 440 -403 649 -502 5 385 107 -269 951 -546 -429 -382 851 97 282 176 -735 -323 -996 -501 525 -979 339 -979 -717 644 861 -155 877 -955 -874 -328 -43 -49 -402 581 285 -660 -603 -551 109 -853 -790 301 -557 -966 595 -595 -558 954 903 430 209 545 -78 193 -984 412 321 -763 -119 -957 -939 769 117 -759 581 -419 598 49 436 -903 470 -143 -429 117 -518 754 389 -714 949 -233 -152 -737 -369 -559 821 74 -568 861 -229 691 -745 -621 -21 777 -154 350 896 275 175 121 77 583 285 611 -198 62 -766 403 -538 -735 -425 0 385 -677 -346 -161 783 -663 -453 805 -176 196 395 -627 -875 949 209 -259 -455 166 325 -59 591 279 -473 847 -381 158 -56 -866 -455 203 -425 998 -189 605 -842 0 -682 -887 -462 24 -188 -511 275 971 290 -320 -830 885 -237 -237 -152 423 -522 -302 -154 -605 910 -147 23 233 422 877 -5 -777 293 451 -461 -880 -212 75 -88 520 -743 -325 -791 -931 -247 230 931 947 -182 -581 -353 85 -913 -231 984 889 193 -289 -520 -359 965 -454 -464 643 577 -143 840 -801 -93 57 -513 -312 -579 105 -776 941 999 -263 -705 531 811 905 715 -263 679 195 -661 291 -602 -539 219 -505 -143 -775 -291 127 37 -323 623 704 820 107 -810 6 851 791 853 55 -957 -677 325 -266 -590 673 -899 -741 765 641 511 -562 -38 -273 173 -972 -373 129 22 -548 -978 735 427 -633 -93 -469 414 497 -861 119 -619 -415 -501 -728 429 -333 -973 -495 -351 -487 715 -451 476 -663 941 539 496 853 409 -874 -304 -35 -910 85 -319 799 993 795 51 78 693 693 -715 543 87 703 -637 777 -759 353 925 -637 -430 873 548 -973 588 -598 -67 687 -385 -509 117 47 879 741 5 -433 -216 -707 -561 -861 -881 -819 413 323 455 365 -910 626 -390 971 -627 559 -972 -473 782 -455 -77 -177 -301 201 569 838 91 75 299 271 436 -909 832 -705 184 645 -405 -50 -211 198 -667 250 -196 889 693 987 43 545 411 -325 -727 -182 993 -814 598 483 283 691 -65 -450 -279 -637 561 -824 198 652 866 25 -635 810 535 -892 -728 929 -845 -931 -561 176 -273 459 833 985 -887 145 707 750 -124 656 987 51 155 -43 -869 -637 997 793 825 -578 -822 731 -517 665 911 179 -827 803 956 973 257 -977 -108 1 0 805 -7 79 703 -193 403 954 869 -78 965 86 432 476 -900 -630 805 -329 -138 272 -539 870 -539 -683 383 -824 -150 423 48 184 -738 -504 866 -164 452 754 -338 -858 -694 112 -554 364 -810 770 358 0 -484 -660 -676 -854 -308 428 -216 -988 224 284 586 740 -494 104 504 340 722 352 396 -552 192 -104 -220 -128 376 744 844 418 616 -22 -344 -780 -858 -542 -474 -336 122 -858 644 314 -560 -458 826 -506 -266 -196 -182 -766 244 480 456 -904 0 52 -630 286 554 -318 184 526 -690 880 -168 776 76 426 -980 0 -908 532 582 -312 476 504 910 -958 -308 824 962 -898 -532 88 -702 -162 128 844 770 550 0 858 506 -784 138 232 -324 -926 -662 -68 412 298 -208 -866 -782 616 -644 230 204 364 136 504 -636 -878 -922 -920 -746 470 916 -448 -902 -200 348 -800 44 -204 396 -960 -650 -924 150 -468 500 -504 350 814 238 552 -716 868 -576 -870 836 548 -726 -606 -356 -858 896 896 170 858 436 504 72 -278 398 -72 238 -112 -448 826 -306 88 -258 -194 -26 802 250
541
-52 26 -238 757 114 433 -308 531 319 356 875 414 -587 -1000 970 -208 -128 -154 893 673 365 593 -263 987 -470 -660 0 286 482 -503 -877 585 513 -955 647 819 -392 -892 -146 -392 -689 -875 -869 -639 -705 50 -729 577 -477 739 665 -66 914 338 -345 779 693 693 -933 696 -689 626 344 -161 294 -767 260 -376 999 -143 -37 -594 819 -668 776 163 -297 262 831 817 694 10 715 164 105 -621 -143 364 375 27 -229 -720 -299 925 423 -691 -360 625 844 -436 -403 -965 -980 949 -831 73 588 515 -733 561 -667 -309 97 574 -539 -559 -890 -468 975 458 453 826 -844 845 866 119 858 669 -785 -174 572 -137 992 189 151 -841 225 11 -203 -170 22 871 245 -259 -539 357 -960 539 -979 -23 442 -819 835 794 -919 -69 715 -880 -645 819 119 246 -65 847 -134 503 -714 495 71 999 809 663 -39 -533 -743 -747 77 943 -357 -67 737 395 -770 635 998 -768 -917 -873 -674 -399 282 142 -179 -651 281 -292 793 0 587 201 191 818 -616 1 420 987 759 -232 94 924 -679 189 88 416 99 156 -588 -106 -483 -77 -143 -405 -528 244 -901 -626 188 827 563 649 774 -59 0 -577 261 -251 -652 688 -33 -699 -400 119 533 -687 -371 771 353 -772 -897 -168 203 -440 838 441 -833 834 741 252 -908 -519 -58 -506 -988 838 667 -433 816 231 548 988 -161 313 -45 235 457 -720 245 -361 431 -637 -161 424 -666 -96 15 -479 935 -429 -710 269 -931 -468 -527 483 -235 714 -870 -156 419 -359 -775 -119 -704 833 -359 946 -920 -105 -139 65 -45 -891 -206 -152 -55 535 161 946 -299 -493 -806 715 486 357 -653 -142 -2 999 -872 161 316 299 -900 -224 16 129 604 705 -663 546 540 210 0 -388 385 528 -386 -546 189 -56 924 474 644 -501 -816 -559 -350 957 845 707 155 130 -733 -819 892 -249 -405 253 1 15 -417 -814 -273 273 369 -837 352 345 763 -986 -35 -13 -638 -741 56 471 231 593 -603 -560 315 -407 923 295 -191 -71 -835 -875 -506 153 -887 0 381 525 175 -977 780 29 603 581 -832 371 -986 -859 -603 7 -851 -659 833 689 -417 -889 -679 35 569 -980 -861 409 -55 -724 -781 715 993 892 561 98 205 -701 -362 -652 882 -522 -374 -98 -108 370 -12 -998 850 264 -464 662 856 962 650 -506 976 -784 -668 718 -58 -972 812 580 704 522 156 686 -150 -690 348 14 136 366 42 -962 -926 -888 320 638 330 672 562 24 -464 -120 562 -990 -772 924 -80 -118 -804 912 -864 -746 -886 -416 208 -202 -678 250 548 -52 660 326 -852 430 -598 868 176 -948 -840 -266 -910 202 -616 -370 -624 26 470 -520 628 -924 -610 238 26 -676 14 372 -8 182 210 -110 572 700 -908 326 -418 -950 -26
580
-143 491 629 377 663 655 953 -472 691 451 -727 -994 862 -493 157 595 901 302 787 -409 477 891 22 -598 -861 -89 887 -857 828 165 -230 535 524 494 494 -773 -810 539 199 -485 -584 -356 424 -104 953 896 912 323 -520 -447 -104 781 -275 331 -295 583 -143 88 455 -175 -715 875 -229 638 469 427 539 -263 367 -230 429 576 841 -833 587 274 -598 -959 -110 981 950 -615 -459 371 -678 530 35 -863 -839 -234 -793 -11 -583 -199 -798 67 920 -169 889 -999 -329 715 -777 -884 -828 -165 905 -43 -145 -536 -737 -126 254 219 51 386 880 434 609 -896 -575 -938 -884 -805 -249 301 -811 -21 -313 959 212 -866 -585 966 130 169 702 -294 -433 719 777 409 777 821 -29 -442 897 -355 -13 858 907 935 290 -9 267 -77 -685 949 -574 -845 -231 -949 813 -415 41 -238 987 -790 -864 788 -559 -229 687 377 306 -939 171 -529 973 369 360 146 282 61 -818 429 -139 58 -730 -913 -215 539 -983 315 103 21 -434 259 506 -992 -128 -925 973 687 -547 834 -533 -441 350 495 357 -211 93 77 742 52 122 975 978 389 -223 -217 -208 -65 230 355 -903 -226 -578 585 5 365 -678 14 992 -595 479 -869 -627 763 -13 208 877 0 -749 -190 128 -301 -238 999 -77 811 -66 270 812 623 495 -359 -364 -579 -919 -229 452 -430 165 -539 387 455 147 105 -613 834 -585 -455 -217 967 -203 890 -663 -145 819 695 -142 122 -935 -605 780 715 805 83 296 -279 -362 259 727 -755 853 -693 279 -849 763 965 715 -792 878 660 -368 -653 174 956 -434 -52 193 61 -966 619 902 -123 75 -37 -515 -751 -777 -47 -859 496 195 -362 801 -305 -499 567 -357 -812 783 468 161 -179 871 115 727 -572 353 -559 -676 -756 -779 936 191 -465 -559 448 -435 -587 842 -572 -110 -160 308 981 -49 -684 -209 -547 -18 819 672 -49 41 -808 -705 138 854 -84 847 -151 -403 -763 147 -424 473 721 -847 984 501 -58 480 910 -715 -478 159 -994 -242 175 -191 501 334 -442 829 -5 378 107 -507 -806 903 -572 289 -775 -677 -390 -588 779 17 -763 -271 -539 -63 535 -429 117 -13 -875 612 -46 165 55 -231 -540 -83 -203 623 -901 -315 570 -341 780 399 247 989 722 -401 931 376 504 513 585 392 341 777 0 -110 -44 556 623 -275 -638 888 168 -366 162 716 -440 -42 892 -506 414 538 900 240 686 850 -380 242 -296 -496 768 -636 44 -214 210 -192 -806 396 504 440 930 182 -116 -626 312 448 -924 892 708 182 154 -904 -410 -330 362 634 86 -510 546 58 -730 364 -950 -748 48 -620 732 966 -372 -774 -814 -196 -426 -920 352 -360 182 70 -884 -414 924 116 -272 -912 670 -396 160 298 14 312 856 -808 658 -470 726 -406 236 -618 -836 -208 -42 -286 -490 546 -224 516 40 806 -902 28 -838 -918 -416 -46 892 -760 0 842 -886 -572 -208 -538 76 -928 466 -426 654 766 -864 -228 642 -902 406 -418 974
167
-273 -195 735 -395 74 -517 -45 585 -789 690 -609 959 -663 -935 217 88 0 -66 -599 733 -979 -554 585 -201 -508 374 105 -355 -742 -715 -301 363 713 -759 -594 497 765 637 1 -722 -389 332 22 507 -611 51 546 -817 -205 -206 23 609 -588 523 -7 331 -747 -101 909 68 -623 -676 -418 -884 377 -345 981 -357 -608 -507 -954 752 49 -833 -811 24 689 337 534 -304 -187 -889 875 -663 -545 300 129 -461 -517 243 -261 571 734 892 -919 -121 -567 -293 495 171 -157 -534 735 -989 -257 990 -803 -931 -158 326 -130 -812 -914 -70 -982 -104 -390 44 -658 24 -472 144 -472 -772 568 -228 730 144 578 632 910 842 286 98 -382 286 848 -312 -840 730 882 -530 -442 242 98 -278 -938 988 -700 940 182 876 -322 462 -92 766 862 560 190 272 -902 522 300 140 -372 860 182
579
501 295 -159 241 819 -973 -693 750 995 756 110 703 -575 95 105 973 749 -910 -676 371 -749 -768 975 923 -946 715 927 -546 896 94 35 492 407 -464 -891 -29 -63 473 925 -88 -637 701 415 -263 518 774 -849 374 -6 586 -572 -682 150 -24 -424 624 426 -460 615 383 863 -902 -299 994 -105 -11 -315 -595 602 55 -64 647 75 191 -132 801 -723 107 -730 -423 -742 -927 -731 -730 479 -488 -469 783 119 95 -483 630 -19 103 411 375 151 485 -665 -46 611 529 -490 100 936 -105 532 -341 -837 117 -13 469 0 -667 105 659 -465 798 -317 770 966 -430 -390 -308 649 438 -507 -126 -863 -289 869 -228 961 170 -474 -77 -83 11 -183 -924 991 -788 723 -315 43 647 178 925 -968 -266 427 429 -735 242 67 -102 -584 -73 721 775 -492 488 -489 395 241 495 -217 43 -674 -318 151 -703 247 -714 387 773 596 651 344 -631 -807 -728 443 965 73 -660 -137 205 -687 907 -799 -900 602 -572 -694 -446 -286 949 377 69 -704 -653 -686 -204 -374 -945 819 861 903 -457 -317 679 407 637 -479 473 -175 799 -595 -360 -574 244 393 248 -341 547 148 975 577 -409 -87 394 -566 827 -357 229 -939 665 -483 -418 867 -99 -90 529 911 924 -483 143 -740 266 -308 -816 -95 516 577 -903 -650 -231 926 -307 -917 -885 557 472 372 528 955 444 -780 -98 899 630 -532 689 658 -187 -845 -165 49 -3 734 463 923 57 -521 931 -501 -979 455 139 -560 -862 -935 161 -737 -80 391 237 590 715 -481 -117 190 -858 -171 -309 539 822 -805 -799 387 -825 637 -913 465 -624 550 -275 -275 726 -254 451 550 976 899 799 -671 124 -210 293 469 261 -55 297 349 793 -246 19 -702 316 325 -768 909 -627 -297 77 948 326 -203 952 -774 812 -234 -494 -567 -213 329 -118 924 605 482 -596 429 -928 212 712 -371 409 679 311 -455 983 614 -660 -723 -461 423 -388 -895 -285 975 331 -935 -639 370 819 -721 -619 -458 -832 728 417 -265 828 6 756 -14 -819 105 -893 800 -405 -428 353 35 407 886 -737 -2 -18 -891 260 -393 -442 -474 -221 741 961 -847 -154 657 408 -327 -91 -996 -191 -62 557 -732 -157 -543 -945 -506 -947 819 221 368 -714 -95 -643 -389 587 -756 -277 -637 299 44 75 528 -91 157 -782 859 849 -252 -893 -913 175 -590 395 733 -121 -877 221 515 -809 749 891 393 -108 412 -324 -124 -377 385 -591 181 -35 -189 -559 -21 110 -530 513 -94 448 864 -624 196 364 954 -624 594 0 -230 -230 -144 850 938 526 78 166 266 -166 122 -306 962 -950 -644 -56 622 -322 -506 826 774 -168 672 -812 628 -818 -14 396 286 -222 -418 552 942 336 -494 -698 792 -598 906 -976 -536 996 28 636 12 -484 700 356 -444 162 -20 -714 20 504 -560 822 354 224 -228 268 -588 852 868 -434 66 -634 -468 -914 -854 756 592 -748 848 -24 88 -322 342 -500 -352 -330 -858 812 418 556 826
537
925 201 265 -981 886 706 -903 -553 807 0 545 940 -994 611 535 919 -847 255 -971 -755 -649 -121 760 973 -741 971 -854 350 -715 -479 -639 -603 819 900 -963 803 -317 -380 821 951 -638 991 -315 818 495 749 -120 923 176 -187 793 868 -449 941 858 243 -197 -195 -397 499 781 -471 -638 -413 373 -416 -187 497 91 663 -953 715 -407 535 -781 -66 7 347 -31 536 35 -379 -772 -794 962 583 107 406 -39 -294 -194 -38 -694 -189 873 347 -5 419 -163 -441 -120 515 -194 -23 -242 605 -441 -777 111 -639 -4 585 -777 -58 -107 246 681 759 918 -99 619 -572 883 -406 309 952 -302 -91 451 -381 945 779 243 -858 -517 231 -569 -425 -588 -378 -616 754 201 -24 -429 -949 498 -33 -916 -263 963 -567 910 -495 -889 -783 659 567 811 -95 918 -845 -221 843 -20 -849 80 927 945 607 491 -925 254 541 -442 -321 -184 187 654 -113 33 -259 347 -157 985 -181 -977 715 -461 -35 384 561 -458 204 -919 -721 -806 -715 735 377 641 172 -915 -551 754 -429 -535 -371 65 905 -661 704 895 757 -925 -9 124 536 68 -282 -223 -959 253 -878 -294 337 -619 319 603 -77 -913 -235 179 17 -747 91 306 -234 -226 -312 -431 -88 769 245 567 487 391 963 -546 421 813 -585 -186 875 609 434 -300 -784 -995 -543 -147 -821 979 849 562 415 -111 -779 -825 336 -117 -19 -630 672 -499 627 -143 449 274 325 -177 879 -837 -735 258 237 202 231 510 135 273 -776 837 89 468 -793 898 154 -401 -835 814 -517 273 224 119 -899 962 -331 -814 253 273 -819 147 -949 -63 713 415 -768 -311 767 -881 1 -265 110 -958 615 384 667 -748 -511 -501 187 878 439 803 136 653 -869 889 -371 -599 654 223 203 0 -187 429 805 639 297 -539 793 -557 -497 697 -445 -415 -329 247 72 528 169 387 953 748 590 -126 -818 486 -286 -700 -882 -636 506 190 854 -952 -802 -396 -530 152 316 882 -28 350 398 650 630 -552 -744 760 -734 -958 -660 130 -56 840 -416 -364 -442 24 376 -78 238 -286 872 -74 238 -110 596 238 -618 814 976 110 492 -22 -722 44 -988 372 88 910 -734 -164 286 494 -298 -294 196 -824 458 -892 700 -176 322 -630 -328 -126 -982 -602 -350 154 -400 -440 -946 -798 -986 132 492 -568 812 -924 -434 124 -78 0 128 -476 -234 786 994 -650 -770 356 -624 744 300 -390 696 -816 790 -756 650 988 -888 978 978 -578 0 560 -238 -870 246 -364 638 -856 796 424 910 -900 -364 -400 350 200 396 -770 -316 872 -870 -858 -312 112 250 490 -364 -720 868 110 -216 -988 -408 -962 -738 924 -894 -346 -574 452 210 -880 -266 -300 784 -656 68 -638 -662 -208 406 -874 -598 -810 644 66 528 58
