30
1
1
2
2 1
3
1 2 3
5
1 2 3 4 5
5
5 2 3 4 1
37
-83 -71 94 64 -65 64 -57 62 -41 -29 56 -17 52 -13 11 40 39 41 53 63 67 83 97 99 24 20 2 0 -18 -18 -24 -24 -28 -50 -60 -62 -82
9
-51 -49 -31 66 -21 -62 -72 1 97
58
-85 -73 -63 -61 -59 -59 100 -57 90 84 82 -49 -33 76 -29 -23 -23 -23 -21 72 -19 -3 -1 62 35 37 41 49 51 63 71 71 71 85 99 60 44 40 38 20 10 6 0 -2 -10 -10 -12 -18 -24 -26 -46 -48 -52 -54 -62 -92 -94 -100
47
-95 -91 94 76 8 -79 -75 2 0 -73 0 -12 -24 -24 -63 -30 -30 -57 -36 -38 -55 -42 -51 -46 -43 -56 -17 -58 -7 -62 -72 -84 -1 9 9 15 21 21 23 37 47 47 51 55 75 83 91
91
-93 -85 -83 -81 94 92 -81 -81 -79 -77 -75 -73 78 -65 76 74 -63 -61 -61 -57 -57 -47 -31 -23 -7 70 70 -3 66 58 1 50 38 7 7 17 21 23 23 25 38 34 25 34 27 28 33 26 47 61 71 73 77 77 24 83 20 83 83 16 85 87 14 97 14 8 4 0 -6 -6 -6 -8 -10 -24 -36 -42 -48 -52 -56 -56 -64 -70 -72 -74 -76 -78 -80 -82 -84 -88 -96
17
64 46 46 -93 -57 44 -53 -51 -35 40 -33 -31 -21 3 41 67 99
94
-97 -97 88 -95 86 -95 -93 -93 -91 -89 -89 -83 84 -67 -67 -67 82 76 -61 74 72 62 56 -59 -53 -49 -45 -33 -23 -21 -21 -21 -1 1 3 5 50 7 13 48 46 40 15 19 38 32 19 30 28 25 27 26 33 26 16 35 37 43 43 51 55 14 55 10 57 8 2 61 2 0 63 65 77 -8 -12 85 -18 -30 89 -32 -32 95 -34 -36 -44 -62 -64 -66 -76 -78 -84 -96 -100 -100
46
-99 -99 92 68 -93 -91 -77 64 -75 -61 -59 -45 -43 -39 -23 19 62 33 39 41 43 48 51 59 42 40 34 61 63 69 77 8 6 -36 -42 -42 -42 -44 -46 -58 -62 -74 -84 -84 -88 -94
35
-91 -87 -83 94 68 -81 -71 34 22 -55 20 -43 16 -6 -43 -17 -22 -13 -22 1 7 15 29 37 59 -36 65 71 -40 -46 79 85 -50 -68 -90
29
86 -97 -93 -79 66 34 -63 -37 -21 9 31 18 73 85 6 89 -2 -4 -8 -10 -26 -34 -38 -40 -82 -86 -86 -88 -96
100
-96 -64 -21 -51 17 -33 11 -67 35 43 -69 0 89 -51 97 -51 -59 -97 -84 46 37 21 73 -16 95 61 -23 -17 31 15 -93 14 -65 17 -19 -27 88 16 59 -25 -98 53 -21 9 -29 17 -26 87 -87 56 0 -9 34 53 91 99 33 63 96 -74 95 100 80 80 -54 -30 -96 0 18 0 44 -62 -26 20 -62 36 -86 42 82 90 -68 0 22 98 -48 -64 52 -98 -40 -88 -4 -28 32 -96 54 88 -18 -92 6 -62
100
-95 -16 -27 13 -53 -22 -74 29 29 28 -20 -49 10 -28 85 -53 83 -99 -25 61 81 -37 -64 -71 -94 98 49 -91 -48 -19 94 -70 -79 -28 -11 -43 39 59 -34 -37 50 97 9 -43 -22 13 -83 -55 9 -80 58 66 53 -93 -67 -95 -85 31 47 12 19 -53 30 -49 -66 50 83 20 -89 81 85 5 89 -49 65 73 -44 -64 -41 12 -70 2 -32 -94 -52 14 -18 -68 -14 -38 40 4 -90 40 -40 76 -46 78 50 -66
100
28 -6 97 99 69 93 82 22 -36 -9 -34 0 73 -89 79 -47 -29 99 -81 59 24 38 81 29 50 77 3 -45 19 91 -33 -65 -88 29 93 -43 -32 -65 23 48 -87 -49 -52 10 -19 -71 3 -8 -50 82 47 -97 79 -77 65 -94 -89 -11 -35 -27 63 21 -93 -16 63 -14 -85 -22 -62 -47 67 -47 -54 78 25 80 30 -77 0 42 -6 78 -36 -8 0 -50 -38 -40 -46 -70 -52 -22 -54 -22 -96 0 -46 30 -64 36
6
-77 -5 -100 72 100 -70
91
-3 -17 19 13 28 -81 -100 21 -37 -67 29 37 15 -46 -12 -46 -69 -33 -42 93 -49 27 -85 -17 48 87 -27 -97 -93 -24 -13 99 44 -31 -7 7 84 99 43 59 36 91 43 -68 85 5 -22 31 100 -73 91 -55 91 -89 -52 -19 83 57 47 -28 -49 -7 9 39 96 -48 1 92 -10 -16 48 54 -28 26 -86 100 60 96 98 0 34 64 -10 -46 -10 74 -90 -50 98 0 44
99
-91 13 -10 -36 61 -70 73 -96 -86 0 74 79 44 100 7 -31 50 45 67 35 34 -73 27 -89 67 -27 79 15 -31 -55 11 19 95 -88 64 69 36 -37 87 -96 55 -39 47 -86 -59 -71 95 9 -4 49 -43 47 64 -56 -11 -40 -17 5 27 37 -63 99 62 -57 89 -11 -17 -45 27 -5 29 -20 99 41 -98 -46 -48 82 50 86 90 -70 -66 18 -52 -20 76 -10 18 80 -30 -100 64 20 -22 -4 -44 84 12
91
-96 0 -88 40 -71 46 28 15 62 39 -41 -86 17 18 35 100 93 -97 99 53 37 -33 -68 -17 43 -15 33 61 -4 -33 -78 -22 -98 3 -29 40 -42 69 61 87 -100 38 -11 -13 51 51 91 -11 -78 -32 -76 46 15 72 31 27 -5 -45 26 -81 24 9 71 63 -1 9 -73 79 47 58 -87 -50 -27 5 0 57 38 -18 90 0 -68 4 76 10 30 -50 90 30 92 0 -50
78
-75 -51 -49 -31 77 -1 55 -45 -33 -29 25 10 3 -57 -85 -37 -48 -15 62 37 45 33 -58 45 67 -99 -86 23 -87 -89 63 -8 -3 -35 -99 39 20 -29 25 -92 -24 37 -79 67 49 -53 35 -94 -100 83 1 34 97 -48 62 26 28 52 0 -46 18 -76 56 16 90 90 8 -6 36 40 60 -82 -92 12 -24 -24 84 36
79
77 -99 -37 55 25 -69 55 -21 -64 8 40 -57 55 85 90 19 11 34 62 70 -83 -61 25 9 -43 -97 -88 -55 16 86 23 32 -90 100 -46 62 55 -33 69 99 51 -13 59 35 -44 -55 57 89 5 -15 -58 -64 41 92 14 58 0 26 -60 -46 -54 78 60 26 2 78 2 -94 -72 -82 -38 -4 -32 42 -52 14 2 92 86
100
-85 77 -71 57 27 42 5 5 -10 17 21 -81 -9 -79 -3 -22 -42 -24 57 5 -100 77 36 -87 -73 -13 -85 41 0 -29 69 -33 -29 83 32 87 19 63 -16 38 35 -20 -96 68 17 -27 -99 56 50 29 73 23 -19 -71 95 70 92 -20 82 63 29 -23 73 89 -53 77 -49 -52 50 22 -60 42 -58 -10 -6 -78 -96 48 28 0 -62 -64 -66 -18 -96 -90 -64 -8 -12 -60 82 8 24 62 -54 -74 98 60 -18 -86
12
83 75 93 28 22 3 62 0 -94 14 -78 2
71
-9 39 -96 -78 -91 -33 3 47 -92 -100 -37 20 -26 -21 -62 -32 3 -15 32 -60 -72 0 -43 -96 -19 21 -62 59 -88 47 -86 -79 -43 11 -25 -84 67 17 15 96 8 93 -98 78 17 25 41 -5 -51 38 -100 -5 8 -85 -97 -95 -11 -57 66 82 0 34 36 56 56 2 -56 48 90 -46 -28
74
8 43 -2 -85 11 91 2 27 25 -93 97 -33 43 -94 -77 -89 -67 85 -87 -91 -18 35 60 21 18 25 7 -68 41 67 84 33 40 56 -73 -25 -61 -85 43 -65 -67 93 79 80 84 -97 13 0 76 -59 33 -15 -36 -85 -96 -32 38 -24 56 72 -42 0 52 18 -72 -4 84 6 40 48 -32 0 -66 -98
45
-89 75 13 -82 41 -30 65 78 47 -37 62 -19 37 71 75 -2 42 19 -37 79 -21 18 -38 -16 53 85 37 73 50 22 76 -16 88 38 -58 98 24 -72 -28 0 26 94 58 -26 -56
8
91 45 91 85 70 94 -84 -4
