30
1
1
2
2 1
3
1 2 3
5
1 2 3 4 5
5
5 2 3 4 1
33
92 -99 -95 -45 -41 84 -37 -13 -13 -9 -9 -7 9 9 21 29 39 79 91 70 66 44 40 36 26 0 -6 -16 -16 -52 -56 -80 -88
49
-95 -89 96 -85 -81 94 -81 -77 -75 80 76 -73 -71 70 -59 -57 -57 64 -55 58 -51 46 -47 32 30 28 16 -45 -25 -25 -23 -7 13 0 0 19 19 -50 37 53 -52 73 83 89 -54 95 -62 -82 -86
90
-97 98 -91 -91 96 92 -91 86 80 -89 -89 -89 -85 80 -79 -67 -67 -65 -61 78 -55 76 -51 -45 72 62 -37 -29 -29 -27 -25 -23 60 60 -23 -21 52 -21 -21 44 -19 28 -13 -9 22 -1 6 1 15 25 27 29 35 35 4 35 37 41 47 47 53 0 -2 61 63 63 -12 -18 69 79 83 -20 -20 -40 91 93 -42 97 -54 -64 -66 -68 -74 -78 -82 -82 -84 -84 -86 -94
98
-97 -83 -79 -75 -75 -73 -73 -71 -69 -61 100 -57 -57 98 -53 86 -51 78 -47 76 -39 -39 -35 -33 74 -31 70 68 -25 66 -25 58 -23 -23 -19 -17 -17 -11 1 54 1 54 3 5 9 31 31 31 50 35 37 39 50 41 44 51 55 55 32 65 30 30 65 83 95 99 28 26 12 10 2 0 0 -2 -6 -6 -12 -16 -26 -26 -30 -32 -40 -42 -44 -46 -46 -48 -54 -64 -64 -72 -76 -84 -86 -92 -96 -100
27
-97 -91 -81 -69 -5 96 -1 72 70 15 39 60 34 28 43 61 71 24 0 -6 -6 -28 -42 -52 -74 -76 -88
74
88 -81 -79 -71 88 -61 -61 -59 -59 -51 -43 86 -41 -41 -27 -19 -15 82 70 -9 68 -7 1 1 13 68 23 25 25 25 25 33 66 54 37 37 55 50 57 61 65 48 75 75 75 81 40 81 36 87 32 89 30 95 99 28 24 22 16 2 0 -4 -8 -16 -26 -48 -50 -54 -56 -60 -84 -88 -90 -90
14
-63 86 54 -27 48 -20 21 23 43 71 -20 85 -28 -48
32
94 78 -95 -85 -73 -35 -17 -7 -3 -1 7 72 19 33 39 36 34 43 32 55 2 59 77 0 93 -6 -14 -22 -50 -78 -92 -96
44
76 -99 74 -59 62 58 56 -43 -39 -15 -13 -11 54 13 27 31 52 33 30 57 61 28 71 20 71 73 85 14 0 0 -8 -10 -12 -26 -30 -32 -32 -38 -40 -48 -50 -54 -58 -96
7
40 -14 -81 -31 -5 -3 61
100
-61 1 7 61 -20 -77 -73 -2 -21 -35 87 17 -54 85 -42 24 71 -19 25 59 -87 -10 -100 -41 -57 -43 -87 -29 -22 -75 -55 93 -97 32 -47 5 92 -45 58 37 -73 69 -31 -49 70 -37 -9 -79 -3 10 41 61 -27 25 -73 -25 -20 -55 -49 -39 45 -5 -20 21 91 -61 29 -76 -98 -100 -58 -18 -84 -72 -44 80 32 -42 48 -34 74 0 -98 88 -74 46 -86 2 -24 -48 26 28 -40 -96 -32 -48 60 -14 10 -14
100
-1 -36 -5 -65 -76 51 16 1 5 3 56 -25 55 47 38 53 -74 -90 75 -15 -100 -16 -32 -48 -8 71 55 47 83 -55 97 1 20 -36 55 -66 0 -25 95 19 -47 -33 53 88 55 -89 1 71 -17 -11 45 -96 -9 49 -78 -81 -78 30 35 37 27 -33 -80 22 97 -71 9 -93 77 49 -68 99 -98 63 -36 14 -80 2 2 -74 62 18 12 46 -22 0 32 58 -10 -64 -42 -48 90 64 44 -72 66 32 10 -76
100
-53 66 -24 66 48 -70 21 25 45 -96 4 41 -13 -91 11 34 -52 62 22 63 -14 -32 -61 -41 61 -15 -17 81 33 -49 -45 -28 44 33 -65 -89 74 -53 94 -52 -35 79 -13 76 -39 47 -64 39 10 -69 23 -11 -9 2 -97 92 -64 46 88 45 -22 51 -92 32 87 79 7 61 -22 66 43 14 -3 -70 11 85 -57 66 89 -52 -33 -96 94 -74 71 43 -86 11 62 4 32 84 36 66 -32 0 -22 22 -12 24
62
-61 -53 83 47 41 -46 -41 32 53 -35 29 86 -30 -20 91 -11 14 93 79 30 4 -12 16 97 -37 88 -52 99 -75 17 -5 -28 39 -93 67 -14 22 1 -30 70 91 71 31 0 -61 -12 -99 -1 -11 57 -27 -93 31 -38 -25 -74 53 -38 -28 9 -41 -67
65
64 -50 39 92 -31 93 -40 81 -33 -11 -52 -41 -63 80 97 65 32 17 12 73 58 -2 27 21 32 27 64 7 95 71 -67 -20 -67 -63 61 29 -50 -28 -52 -57 4 -29 -32 -73 -100 -13 93 -38 -64 -68 66 53 51 -14 -47 28 34 -26 -50 -6 82 8 42 -68 -82
3
-38 100 -98
67
66 47 -55 -57 -87 -87 59 79 54 55 20 30 40 7 -45 76 9 28 25 -81 63 72 -59 17 33 55 69 23 -35 -75 77 -67 5 51 25 37 100 39 91 -92 -69 43 -66 -70 -58 -52 88 -94 -58 -68 74 -30 -28 -12 -44 8 44 -62 -6 0 -10 12 46 -100 -60 28 -32
6
-94 29 73 44 41 12
74
-7 10 67 84 -86 13 -83 81 -92 -17 72 -28 -67 -20 -4 -4 82 -40 -49 5 18 -61 -73 17 -45 45 -52 -47 93 0 6 50 82 83 -97 71 1 47 -35 -36 -76 -61 -9 0 72 0 -65 -5 33 80 -10 27 25 -42 -62 -27 16 -62 48 63 90 67 66 -13 29 -72 -50 -42 90 -14 68 6 -64 -2
18
-66 67 -33 -98 -62 -63 -4 53 -93 -11 77 37 67 33 1 -14 68 -62
22
35 -36 69 -89 -20 33 -79 -17 -55 36 92 36 86 19 77 75 -9 -98 12 54 -16 -22
88
-50 46 -53 -5 93 81 85 22 53 51 -95 52 7 61 -75 -5 -22 1 47 65 -81 -25 41 82 58 -14 31 -94 -95 -18 35 97 38 34 -80 -41 -33 95 57 -33 49 77 25 41 -43 75 19 -84 41 -30 -27 -71 -82 -45 33 -52 -26 7 -98 -59 -1 5 -11 -2 74 30 10 -94 -30 6 -60 -62 92 38 2 62 52 2 -46 68 24 -78 -100 26 54 70 14 94
43
43 -86 43 1 -78 -72 22 -49 -88 -47 -15 -20 -83 15 -56 -73 -71 -41 71 99 29 -43 24 -3 47 78 -83 12 99 -72 -32 42 86 -51 71 -31 -83 -75 6 -81 -11 2 -34
79
79 -37 77 -40 61 -8 98 -73 18 -97 94 32 -91 31 53 4 56 -47 -89 -77 54 -29 27 19 -60 1 23 29 -34 3 79 -10 -89 -55 -74 -37 53 79 99 43 -71 51 -29 91 -35 23 -49 6 39 99 67 43 83 -98 -31 -28 -60 -90 -24 46 30 66 -20 -32 2 -62 0 58 70 16 -20 0 -46 -88 88 -40 62 22 -28
14
-55 52 -60 59 27 -5 -17 -27 -21 -26 -70 -71 93 98
