100
3
7 6 5 1 9 8 4 3 2
8 1 9 2 4 3 5 7 6
3 2 4 6 5 7 9 8 1
1 9 8 4 3 2 7 6 5
2 4 3 5 7 6 8 1 9
6 5 7 9 8 1 3 2 4
4 3 2 7 6 5 1 9 8
5 7 6 8 1 9 2 4 3
9 8 1 3 2 4 6 5 7
3
1 9 8 4 3 2 7 6 5
5 7 3 8 1 6 2 4 9
6 2 4 9 5 7 3 8 1
4 3 2 7 6 5 1 9 8
8 1 6 2 4 9 5 7 3
9 5 7 3 9 1 6 2 4
7 6 5 1 9 8 4 3 2
2 4 9 5 7 3 8 1 6
3 8 1 6 2 4 9 5 7
3
1 9 8 4 3 2 7 6 5
5 4 3 8 7 6 2 1 9
6 2 7 9 5 1 3 8 4
4 3 2 7 6 5 1 9 8
8 7 6 2 1 9 5 4 3
9 5 1 3 8 4 6 2 7
7 6 5 1 9 8 4 3 2
2 1 9 5 4 3 8 7 6
3 8 4 6 2 7 9 5 1
3
1 3 2 4 6 5 7 9 8
5 4 6 8 7 9 2 1 3
9 8 7 3 2 1 6 5 4
4 6 5 7 9 8 1 3 2
8 7 9 2 1 3 5 4 6
3 2 1 6 5 4 9 8 7
7 9 8 1 3 2 4 6 5
2 1 3 5 4 6 8 7 9
6 5 4 9 8 7 3 2 1
3
1 9 8 4 3 2 7 6 5
2 7 6 5 1 9 8 4 3
3 5 4 6 8 7 9 2 1
4 3 2 7 6 5 1 9 8
5 1 9 8 4 3 2 7 6
6 8 7 9 2 1 3 5 4
7 6 5 1 9 8 4 3 2
8 4 3 2 7 6 5 1 9
9 2 1 3 5 4 6 8 7
3
4 3 2 7 6 5 1 9 8
8 7 9 2 1 3 5 4 6
6 5 1 9 8 4 3 2 7
7 6 5 1 9 8 4 3 2
2 1 3 5 4 6 8 7 9
9 8 4 3 2 7 6 5 1
1 9 8 4 3 2 7 6 5
5 4 6 8 7 9 2 1 3
3 2 7 6 5 1 9 8 4
3
7 9 2 1 3 5 4 6 8
5 4 3 8 7 6 2 1 9
6 8 1 9 2 4 3 5 7
1 3 5 4 6 8 7 9 2
8 7 6 2 1 9 5 4 3
9 2 4 3 5 7 6 8 1
4 6 8 7 9 2 1 3 6
2 1 9 5 4 3 8 7 6
3 5 7 6 8 1 9 2 4
3
7 6 2 1 9 5 4 3 8
5 4 3 8 7 6 2 1 9
9 8 1 3 2 4 6 5 7
1 9 5 4 3 8 7 6 2
8 7 6 2 1 9 5 4 3
3 2 4 6 6 7 9 8 1
4 3 8 7 6 2 1 9 5
2 1 9 5 4 3 8 7 6
6 5 7 9 8 1 3 2 4
3
4 9 8 7 3 2 1 6 5
5 7 6 8 1 9 2 4 3
3 2 1 6 5 4 9 8 7
7 3 2 1 6 5 4 9 8
8 1 9 2 4 3 5 7 6
6 5 4 9 8 7 3 2 1
1 6 5 4 9 8 7 3 2
2 4 3 5 7 6 8 1 9
9 8 7 3 2 1 6 5 4
3
1 3 8 4 6 2 7 9 5
2 4 9 5 7 3 8 1 7
6 5 7 9 8 1 3 2 4
4 6 2 7 9 5 1 3 8
5 7 3 8 1 6 2 4 9
9 8 1 3 2 4 6 5 7
7 9 5 1 3 8 4 6 2
8 1 6 2 4 9 5 7 3
3 2 4 6 5 7 9 8 1
3
4 3 8 7 6 2 1 9 5
5 7 6 8 1 9 2 4 3
9 2 1 3 5 4 6 8 7
7 6 2 1 9 5 4 3 8
8 1 9 2 4 3 5 7 6
3 5 4 6 8 7 9 2 1
1 9 5 4 3 8 7 6 2
2 4 3 5 7 6 8 1 9
6 8 7 9 2 1 3 5 4
3
4 3 2 7 6 5 1 9 8
5 7 9 8 1 3 2 4 6
6 8 1 9 2 4 3 5 7
7 6 5 1 9 8 4 3 2
8 1 3 2 4 6 5 7 9
9 2 4 3 5 7 6 8 1
1 9 8 4 3 2 7 6 5
2 4 6 5 7 9 8 1 3
3 5 7 6 8 1 9 2 4
3
4 6 2 7 9 5 1 3 8
8 7 9 2 1 3 5 4 6
3 5 1 6 8 4 9 2 7
7 9 5 1 3 8 4 6 2
2 1 3 5 4 6 8 7 9
6 8 4 9 2 7 3 5 1
1 3 8 4 6 2 7 9 5
5 4 6 8 7 9 2 1 3
9 2 7 3 5 1 6 8 4
3
4 6 8 7 9 2 1 3 5
2 7 3 5 1 6 8 4 9
9 5 1 3 8 4 6 2 7
7 9 2 1 3 5 4 6 8
5 1 6 8 4 9 2 7 3
3 8 4 6 2 7 9 5 1
1 3 5 4 6 8 7 9 2
8 4 9 2 7 3 5 1 6
6 2 7 9 5 1 3 8 4
3
1 9 2 4 3 5 7 6 8
5 7 6 8 1 9 2 4 3
3 8 4 6 2 7 9 5 1
4 3 5 7 6 8 1 9 2
8 1 9 2 4 3 5 7 6
6 2 7 9 5 1 3 8 4
7 6 8 1 9 2 4 3 5
2 4 3 5 7 6 8 1 9
9 5 1 3 8 4 6 2 7
3
1 3 8 4 6 2 7 9 5
5 4 9 8 7 3 2 1 6
6 2 7 9 5 1 3 8 4
4 6 2 7 9 5 1 3 8
8 7 3 2 1 6 5 4 9
9 5 1 3 8 4 6 2 7
7 9 5 1 3 8 4 6 2
2 1 6 5 4 9 9 7 3
3 8 4 6 2 7 9 5 1
3
1 3 2 4 6 5 7 9 8
5 7 9 8 1 3 2 4 6
6 8 4 9 2 7 3 5 1
4 6 5 7 9 8 1 3 2
8 1 3 2 4 6 5 7 9
9 2 7 3 5 1 6 8 4
7 9 8 1 3 2 4 6 5
2 4 6 5 7 9 8 1 3
3 5 1 6 8 4 9 2 7
3
7 3 2 1 6 5 4 9 8
8 1 9 2 4 3 5 7 6
6 5 4 9 8 7 3 2 1
1 6 5 4 9 8 7 3 2
2 4 3 5 7 6 8 1 9
9 8 7 3 2 1 6 5 4
4 9 8 7 3 2 1 6 5
5 7 6 8 1 9 2 4 3
3 2 1 6 5 4 9 8 7
3
1 6 2 4 9 5 7 3 8
5 7 9 8 1 3 2 4 6
3 8 4 6 2 7 9 5 1
4 9 5 7 3 8 1 6 2
8 1 3 2 4 6 5 7 9
6 2 7 9 5 1 3 8 4
7 3 8 1 6 2 4 9 5
2 4 6 5 7 9 8 1 3
9 5 1 3 8 4 6 2 7
3
4 3 2 7 6 5 1 9 8
8 7 6 2 1 9 5 4 3
9 5 1 3 8 4 6 2 7
7 6 5 1 9 8 4 3 2
2 1 9 5 4 3 8 7 6
3 8 4 6 2 7 9 5 1
1 9 8 4 3 2 7 6 5
5 4 3 8 7 6 2 1 9
6 2 7 9 5 1 3 8 4
3
7 3 2 1 6 5 4 9 8
5 4 6 8 7 9 2 1 3
9 8 1 3 2 4 6 5 7
1 6 5 4 9 8 7 3 2
8 7 9 2 1 3 5 4 6
3 2 4 6 5 7 9 8 1
4 9 8 7 3 2 1 6 5
2 1 3 5 4 6 8 7 9
6 5 7 9 8 1 3 2 4
3
4 9 2 7 3 5 1 6 8
8 7 6 2 1 9 5 4 3
3 5 1 6 8 4 9 2 7
7 3 5 1 6 8 4 9 2
2 1 9 5 4 3 8 7 6
6 8 4 9 2 7 3 5 1
1 6 8 4 9 2 7 3 5
5 4 3 8 7 6 2 1 9
9 2 7 3 5 1 6 8 4
3
4 3 5 7 6 8 1 9 2
8 1 6 2 4 9 5 7 3
9 2 7 3 5 1 6 8 4
7 6 8 1 9 2 4 3 5
2 4 9 5 7 3 8 1 6
3 5 1 6 8 4 9 2 7
1 9 2 4 3 5 7 6 8
5 7 3 8 1 6 2 4 9
6 8 4 9 2 7 3 5 1
3
7 3 8 1 6 2 4 9 5
5 4 9 8 7 3 2 1 6
6 2 1 9 5 4 3 8 7
1 6 2 4 9 5 7 3 8
8 7 3 2 1 6 5 4 9
9 5 4 3 8 7 6 2 1
4 9 5 7 3 8 1 6 2
2 1 6 5 4 9 8 7 3
3 8 7 6 2 1 9 5 4
3
1 3 5 4 6 8 7 9 2
2 7 9 5 1 3 8 4 6
6 8 4 9 2 7 3 5 1
4 6 8 7 9 2 1 3 5
5 1 3 8 4 6 2 7 9
9 2 7 3 5 1 6 8 4
7 9 2 1 3 5 4 6 8
8 4 6 2 7 9 5 1 3
3 5 1 6 8 4 9 2 7
3
4 9 5 7 3 8 1 6 2
8 7 6 2 1 9 5 4 3
3 2 1 6 5 4 9 8 7
7 3 8 1 6 2 4 9 5
2 1 9 5 4 3 8 7 6
6 5 4 9 8 7 3 2 1
1 6 2 4 9 5 7 3 8
5 4 3 8 7 6 2 1 9
9 8 7 3 2 1 6 5 4
3
7 9 2 1 3 5 4 6 8
5 4 3 8 7 6 2 1 9
6 8 1 9 2 4 3 5 7
1 3 5 4 6 8 7 9 2
8 7 6 2 1 9 5 4 3
9 2 4 3 5 7 6 8 1
4 6 8 7 9 2 1 3 5
2 1 9 5 4 3 8 7 6
3 5 7 6 8 1 9 2 4
3
4 9 8 7 3 2 1 6 5
2 7 6 5 1 9 8 4 3
3 5 1 6 8 4 9 2 7
7 3 2 1 6 5 4 9 8
5 1 9 8 4 3 2 7 6
6 8 4 9 2 7 3 5 1
1 6 5 4 9 8 7 3 2
8 4 3 2 7 6 5 1 9
9 2 7 3 5 1 6 8 4
3
484 489 488 487 483 482 481 486 485
485 487 486 488 481 489 482 484 483
483 482 481 486 485 484 489 488 487
487 483 482 481 486 485 484 489 488
488 481 489 482 484 483 485 487 486
486 485 484 489 488 487 483 482 481
481 486 485 484 489 488 487 483 482
482 484 483 485 487 486 488 481 489
489 488 487 483 482 481 486 485 484
3
273 272 271 267 275 274 270 269 268
268 270 269 271 273 272 274 267 275
275 274 267 269 268 270 272 271 273
267 275 274 270 269 268 273 272 271
271 273 272 274 267 275 268 270 269
269 268 270 272 271 273 275 274 267
270 269 268 273 272 271 267 275 274
274 267 275 268 270 269 271 273 272
272 271 273 275 274 267 269 268 270
3
1 3 2 4 6 5 7 9 8
8 4 9 2 7 3 5 1 6
6 5 7 9 8 1 3 2 4
4 6 5 7 9 8 1 3 2
2 7 3 5 1 6 8 4 9
9 8 1 3 2 4 6 5 7
7 9 8 1 3 2 4 6 5
5 1 6 8 4 9 2 7 3
3 2 4 6 5 7 9 8 1
3
1 6 5 4 9 8 7 3 2
8 4 3 2 7 6 5 1 9
9 2 7 3 5 1 6 8 4
4 9 8 7 3 2 1 6 5
2 7 6 5 1 9 8 4 3
3 6 1 6 8 4 9 2 7
7 3 2 1 6 5 4 9 8
5 1 9 8 4 3 2 7 6
6 8 4 9 2 7 3 5 1
3
4 9 5 7 3 8 1 6 2
2 1 6 5 4 9 8 7 3
3 8 7 6 2 1 9 5 4
7 3 8 1 6 2 4 9 5
5 4 9 8 7 3 2 1 6
6 2 1 9 5 4 3 8 7
1 6 2 4 9 5 7 3 8
8 7 3 2 1 6 5 4 9
9 5 4 3 8 7 6 2 1
3
1 9 8 4 3 2 7 6 5
5 7 6 8 1 9 2 4 3
3 2 4 6 5 7 9 8 1
4 3 2 7 6 5 1 9 9
8 1 9 2 4 3 5 7 6
6 5 7 9 8 1 3 2 4
7 6 5 1 9 8 4 3 2
2 4 3 5 7 6 8 1 9
9 8 1 3 2 4 6 5 7
3
4 6 5 7 9 8 1 3 2
8 1 3 2 4 6 5 7 9
9 2 7 3 5 1 6 8 4
7 9 8 1 3 2 4 6 5
2 4 6 5 7 9 8 1 3
3 5 1 6 8 4 9 2 7
1 3 2 4 6 5 7 9 8
5 7 9 8 1 3 2 4 6
6 8 4 9 2 7 3 5 1
3
4 6 2 7 9 5 1 3 8
8 1 3 2 4 6 5 7 9
9 5 7 3 8 1 6 2 4
7 9 5 1 3 8 4 6 2
2 4 6 5 7 9 8 1 3
3 8 1 6 2 4 9 5 7
1 3 8 4 6 2 7 9 5
5 7 9 8 1 3 2 4 6
6 2 4 9 5 7 3 8 1
3
1 6 5 4 9 8 7 3 2
2 7 3 5 1 6 8 4 9
9 8 4 3 2 7 6 5 1
4 9 8 7 3 2 1 6 5
5 1 6 8 4 9 2 7 3
3 2 7 6 5 1 9 8 4
7 3 2 1 6 5 4 9 8
8 4 9 2 7 3 5 1 6
6 5 1 9 8 4 3 2 7
3
1 9 2 4 3 5 7 6 8
5 4 6 8 7 9 2 1 3
3 8 7 6 2 1 9 5 4
4 3 5 7 6 8 1 9 2
8 7 9 2 1 3 5 4 6
6 2 1 9 5 4 3 8 7
7 6 8 1 9 2 4 3 5
2 1 3 5 4 6 8 7 9
9 5 4 3 8 7 6 2 1
3
1 9 8 4 3 2 7 6 5
2 7 6 5 1 9 8 4 3
3 5 4 6 8 7 9 2 1
4 3 2 7 6 5 1 9 8
5 1 9 8 4 3 2 7 6
6 8 7 9 2 1 3 5 4
7 6 5 1 9 8 4 3 2
8 4 3 2 7 6 5 1 9
9 2 1 3 5 4 6 8 7
3
7 6 8 1 9 2 4 3 5
2 1 9 5 4 3 8 7 6
3 5 4 6 8 7 9 2 1
1 9 2 4 3 5 7 6 8
5 4 3 8 7 6 2 1 9
6 8 7 9 2 1 3 5 4
4 3 5 7 6 8 1 9 2
8 7 6 2 1 9 5 4 3
9 2 1 3 5 4 6 8 7
3
1 9 5 4 3 8 7 6 2
8 4 6 2 7 9 5 1 3
3 2 7 6 5 1 9 8 4
4 3 8 7 6 2 1 9 5
2 7 9 5 1 3 8 4 6
6 5 1 9 8 4 3 2 7
7 6 2 1 9 5 4 3 8
5 1 3 8 4 6 2 7 9
9 8 4 3 2 7 6 5 1
3
4 3 2 7 6 5 1 9 8
8 1 6 2 4 9 5 7 3
9 5 7 3 8 1 6 2 4
7 6 5 1 9 8 4 3 2
2 4 9 5 7 3 8 1 6
3 8 1 6 2 4 9 5 7
1 9 8 4 3 2 7 6 5
5 7 3 8 1 6 2 4 9
6 2 4 9 5 7 3 8 1
3
1 6 5 4 9 8 7 3 2
2 7 9 5 1 3 8 4 6
3 8 4 6 2 7 9 5 1
4 9 8 7 3 2 1 6 5
5 1 3 8 4 6 2 7 9
6 2 7 9 5 1 3 8 4
7 3 2 1 6 5 4 9 8
8 4 6 2 7 9 5 1 3
9 5 1 3 8 4 6 2 7
3
7 6 2 1 9 5 4 3 8
8 1 3 2 4 6 5 7 9
9 5 4 3 8 7 6 2 1
1 9 5 4 3 8 7 6 2
2 4 6 5 7 9 8 1 3
3 8 7 6 2 1 9 5 4
4 3 8 7 6 2 1 9 5
5 7 9 8 1 3 2 4 6
6 2 1 9 5 4 3 8 7
3
1 9 8 4 3 2 7 6 5
5 7 6 8 1 9 2 4 3
3 2 4 6 5 7 9 8 1
4 3 2 7 6 5 1 9 8
8 1 9 2 4 3 5 7 6
6 5 7 9 8 1 3 2 4
7 6 5 1 9 8 4 3 2
2 4 3 5 7 6 8 1 9
9 8 1 3 2 4 6 5 7
3
4 9 5 7 3 8 1 6 2
8 7 6 2 1 9 5 4 3
3 2 1 6 5 4 9 8 7
7 3 8 1 6 2 4 9 5
2 2 9 5 4 3 8 7 6
6 5 4 9 8 7 3 2 1
1 6 2 4 9 5 7 3 8
5 4 3 8 7 6 2 1 9
9 8 7 3 2 1 6 5 4
3
1 3 2 4 6 5 7 9 8
5 4 9 8 7 3 2 1 6
6 8 7 9 2 1 3 5 4
4 6 5 7 9 8 1 3 2
8 7 3 2 1 6 5 4 9
9 2 1 3 5 4 6 8 7
7 9 8 1 3 2 4 6 5
2 1 6 5 4 9 8 7 3
3 5 4 6 8 7 9 2 1
3
163 162 158 157 165 161 160 159 164
164 157 159 158 160 162 161 163 165
165 161 160 159 164 163 162 158 157
157 165 161 160 159 164 163 162 158
158 160 162 161 163 165 164 157 159
159 164 163 162 158 157 165 161 160
160 159 164 163 162 158 157 165 161
161 163 165 164 157 159 158 160 162
162 158 157 165 161 160 159 164 163
3
274 276 275 268 270 269 271 273 272
269 268 270 272 271 273 275 274 276
273 272 271 276 275 274 270 269 268
268 270 269 271 273 272 274 276 275
272 271 273 275 274 276 269 268 270
276 275 274 270 269 268 273 272 271
271 273 272 274 276 275 268 270 269
275 274 276 269 268 270 272 271 273
270 269 268 273 272 271 276 275 274
3
4 3 2 7 6 5 1 9 8
5 7 6 8 1 9 2 4 3
9 8 1 3 2 4 6 5 7
7 6 5 1 9 8 4 3 2
8 1 9 2 4 3 5 7 6
3 2 4 6 5 7 9 8 1
1 9 8 4 3 2 7 6 5
2 4 3 5 7 6 8 1 9
6 5 7 9 8 1 3 2 4
3
1 3 2 4 6 5 7 9 8
5 4 6 8 7 9 2 1 3
9 8 7 3 2 1 6 5 4
4 6 5 7 9 8 1 3 2
8 7 9 2 1 3 5 4 6
3 2 1 6 5 4 9 8 7
7 9 8 1 3 2 4 6 5
2 1 3 5 4 6 8 7 9
6 5 4 9 8 7 3 2 1
3
7 3 5 1 6 8 4 9 2
8 1 9 2 4 3 5 7 6
6 2 4 9 5 7 3 8 1
1 6 8 4 9 2 7 3 5
2 4 3 5 7 6 8 1 9
9 5 7 3 8 1 6 2 4
4 9 2 7 3 5 1 6 8
5 7 6 8 1 9 2 4 3
3 8 1 6 2 4 9 5 7
3
1 3 5 4 6 8 7 9 2
2 4 9 5 7 3 8 1 6
6 8 7 9 2 1 3 5 4
4 6 8 7 9 2 1 3 5
5 7 3 8 1 6 2 4 9
9 2 1 3 5 4 6 8 7
7 9 2 1 3 5 4 6 8
8 1 6 2 4 9 5 7 3
3 5 4 6 8 7 9 2 1
3
7 9 8 1 3 2 4 6 5
5 4 3 8 7 6 2 1 9
6 2 1 9 5 4 3 8 7
1 3 2 4 6 5 7 9 8
8 7 6 2 1 9 5 4 3
9 5 4 3 8 7 6 2 1
4 6 5 7 9 8 1 3 2
2 1 9 5 4 3 8 7 6
3 8 7 6 2 1 9 5 4
3
7 6 2 1 9 5 4 3 8
8 1 3 2 4 6 5 7 9
9 5 4 3 8 7 6 2 1
1 9 5 4 3 8 7 6 2
2 4 6 5 7 9 8 1 3
3 8 7 6 2 1 9 5 4
4 3 8 7 6 2 1 9 5
5 7 9 8 1 3 2 4 6
6 2 1 9 5 4 3 8 7
3
7 6 8 1 9 2 4 3 5
5 1 3 8 4 6 2 7 9
9 2 4 3 5 7 6 8 1
1 9 2 4 3 5 7 6 8
8 4 6 2 7 9 5 1 3
3 5 7 6 8 1 9 2 4
4 3 5 7 6 8 1 9 2
2 7 9 5 1 3 8 4 6
6 8 1 9 2 4 3 5 7
3
4 6 5 7 9 8 1 3 2
8 1 9 2 4 3 5 7 6
3 2 7 6 5 1 9 8 4
7 9 8 1 3 2 4 6 5
2 4 3 5 7 6 8 1 9
6 5 1 9 8 4 3 2 7
1 3 2 4 6 5 7 9 8
5 7 6 8 1 9 2 4 3
9 8 4 3 2 7 6 5 1
3
4 6 2 7 9 5 1 3 8
5 7 9 8 1 3 2 4 6
3 8 1 6 2 4 9 5 8
7 9 5 1 3 8 4 6 2
8 1 3 2 4 6 5 7 9
6 2 4 9 5 7 3 8 1
1 3 8 4 6 2 7 9 5
2 4 6 5 7 9 8 1 3
9 5 7 3 8 1 6 2 4
3
7 6 5 1 9 8 4 4 2
2 1 3 5 4 6 8 7 9
9 8 4 3 2 7 6 5 1
1 9 8 4 3 2 7 6 5
5 4 6 8 7 9 2 1 3
3 2 7 6 5 1 9 8 4
4 3 2 7 6 5 1 9 8
8 7 9 2 1 3 5 4 6
6 5 1 9 8 4 3 2 7
3
7 6 2 1 9 5 4 3 8
8 1 3 2 4 6 5 7 9
9 5 4 3 8 7 6 2 1
1 9 5 4 3 8 7 6 2
2 4 6 5 7 9 8 1 3
3 8 7 6 2 1 9 5 4
4 3 8 7 6 2 1 9 5
5 7 9 8 1 3 2 4 6
6 2 1 9 5 4 3 9 7
3
1 9 5 4 3 8 7 6 2
2 4 3 5 7 6 8 1 9
6 8 7 9 2 1 3 5 4
4 3 8 7 6 2 1 9 5
6 7 6 8 1 9 2 4 3
9 2 1 3 5 4 6 8 7
7 6 2 1 9 5 4 3 8
8 1 9 2 4 3 5 7 6
3 5 4 6 8 7 9 2 1
3
7 3 2 1 6 5 4 9 8
5 4 9 8 7 3 2 1 6
6 8 1 9 2 4 3 5 7
1 6 5 4 9 8 7 3 2
8 7 3 2 1 6 5 4 9
9 2 4 3 5 7 6 8 1
4 9 8 7 3 2 1 6 5
2 1 6 5 4 9 8 7 3
3 5 7 6 8 1 9 2 4
3
4 3 5 7 6 8 1 9 2
8 1 6 2 4 9 5 7 3
9 2 7 3 5 1 6 8 4
7 6 8 1 9 2 4 3 5
2 4 9 5 7 3 8 1 6
3 5 1 6 8 4 9 2 7
1 9 2 4 3 5 7 6 8
5 7 4 8 1 6 2 4 9
6 8 4 9 2 7 3 5 1
3
7 9 8 1 3 2 4 6 5
2 4 6 5 7 9 8 1 3
3 5 1 6 8 4 9 2 7
1 3 2 4 6 5 7 9 8
5 7 9 8 1 3 2 4 6
6 8 4 9 2 7 3 5 1
4 6 5 7 9 8 1 3 2
8 1 3 2 4 6 5 7 9
9 2 7 3 5 1 6 8 4
3
1 3 8 4 6 2 7 9 5
2 4 9 5 7 3 8 1 6
6 5 7 9 8 1 3 2 4
4 6 2 7 9 5 1 3 8
5 7 3 8 1 6 2 4 9
9 8 1 3 2 4 6 5 7
7 9 5 1 3 8 4 6 2
8 1 6 2 4 9 5 7 3
3 2 4 6 5 7 9 8 1
3
1 3 8 4 6 2 7 9 5
2 4 9 5 7 3 8 1 6
6 5 7 9 8 1 3 2 4
4 6 2 7 9 5 1 3 8
5 7 3 8 1 6 2 4 9
9 8 1 3 2 4 6 5 7
7 9 5 1 3 8 4 6 2
8 1 6 2 4 9 5 7 3
3 2 4 6 5 7 9 8 1
3
7 3 5 1 6 8 4 9 2
8 4 6 2 7 9 5 1 3
9 2 1 3 5 4 6 8 7
1 6 8 4 9 2 7 3 5
2 7 9 5 1 3 8 4 6
3 5 4 6 8 7 9 2 1
4 9 2 7 3 5 1 6 8
5 1 3 8 4 6 2 7 9
6 8 7 9 2 1 3 5 4
3
274 282 278 277 276 281 280 279 275
275 277 279 278 280 282 281 274 276
276 281 280 279 275 274 282 278 277
277 276 281 280 279 275 274 282 278
278 280 282 281 274 276 275 277 279
279 275 274 282 278 277 276 281 280
280 279 275 274 282 278 277 276 281
281 274 276 275 277 279 278 280 282
282 278 277 276 281 280 279 275 274
3
1 9 2 4 3 5 7 6 8
8 7 6 2 1 9 5 4 3
3 5 4 6 8 7 9 2 1
4 3 5 7 6 8 1 9 2
2 1 9 5 4 3 8 7 6
6 8 7 9 2 1 3 5 4
7 6 8 1 9 2 4 3 5
5 4 3 8 7 6 2 1 9
9 2 1 3 5 4 6 8 7
3
7 3 8 1 6 2 4 9 5
5 1 9 8 4 3 2 7 6
6 2 4 9 5 7 3 8 1
1 6 2 4 9 5 7 3 8
8 4 3 2 7 6 5 1 9
9 5 7 3 8 1 6 2 4
4 9 5 7 3 8 1 6 2
2 7 6 5 1 9 8 4 3
3 8 1 6 2 4 9 5 7
3
7 6 8 1 9 2 4 3 5
5 4 9 8 7 3 2 1 6
3 2 1 6 5 4 9 8 7
1 9 2 4 3 5 7 6 8
8 7 3 2 1 6 5 4 9
6 5 4 9 8 7 3 2 1
4 3 5 7 6 8 1 9 2
2 2 6 5 4 9 8 7 3
9 8 7 3 2 1 6 5 4
3
7 3 2 1 6 5 4 9 8
5 1 9 8 4 3 2 7 6
6 8 4 9 2 7 3 5 1
1 6 5 4 9 8 7 3 2
8 4 3 2 7 6 5 1 9
9 2 7 3 5 1 6 8 4
4 9 8 7 3 2 1 6 5
2 7 6 5 1 9 8 4 3
3 5 1 6 8 4 9 2 7
3
136 135 140 139 138 134 133 141 137
134 133 141 137 136 135 140 139 138
138 137 139 141 140 133 135 134 136
139 138 134 133 141 137 136 135 140
137 136 135 140 139 138 134 133 141
141 140 133 135 134 136 138 137 139
133 141 137 136 135 140 139 138 134
140 139 138 134 133 141 137 136 135
135 134 136 138 137 139 141 140 133
3
464 469 465 467 472 468 470 466 471
468 467 466 471 470 469 465 464 472
472 471 470 466 465 464 469 468 467
467 472 468 470 466 471 464 469 465
471 470 469 465 464 472 468 467 466
466 465 464 469 468 467 472 471 470
470 466 471 464 469 465 467 472 468
465 464 472 468 467 466 471 470 469
469 468 467 472 471 470 466 465 464
3
1 6 2 4 9 5 7 3 8
8 7 3 2 1 6 5 4 9
9 5 4 3 8 7 6 2 2
4 9 5 7 3 8 1 6 2
2 1 6 5 4 9 8 7 3
3 8 7 6 2 1 9 5 4
7 3 8 1 6 2 4 9 5
5 4 9 8 7 3 2 1 6
6 2 1 9 5 4 3 8 7
3
258 260 259 261 263 262 264 266 265
262 264 266 265 258 260 259 261 263
263 265 261 266 259 264 260 262 258
261 263 262 264 266 265 258 260 259
265 258 260 259 261 263 262 264 266
266 259 264 260 262 258 263 265 261
264 266 265 258 260 259 261 263 262
259 261 263 262 264 266 265 258 260
260 262 258 263 265 261 266 259 264
3
7 6 5 1 9 8 4 3 2
8 1 9 2 4 3 5 7 6
3 2 4 6 5 7 9 8 1
1 9 8 4 3 2 7 6 5
2 4 3 5 7 6 8 1 9
6 5 7 9 8 1 3 2 4
4 3 2 7 6 5 1 9 8
5 7 6 8 1 9 2 4 3
9 8 1 3 2 4 6 5 7
3
283 288 281 286 282 284 280 285 287
287 280 282 281 283 285 284 286 288
285 284 286 288 287 280 282 281 283
286 282 284 280 285 287 283 288 281
281 283 285 284 286 288 287 280 282
288 287 280 282 281 283 285 284 286
280 285 287 283 288 281 286 282 284
284 286 288 287 280 282 281 283 285
282 281 283 285 284 286 288 287 280
3
1 3 2 4 6 5 7 9 8
5 7 6 8 1 9 2 4 3
9 8 4 3 2 7 6 5 1
4 6 5 7 9 8 1 3 2
8 1 9 2 4 3 5 7 6
3 2 7 6 5 1 9 8 4
7 9 8 1 3 2 4 6 5
2 4 3 5 7 6 8 1 9
6 5 1 9 8 4 3 2 7
3
7 3 8 1 6 2 4 9 5
2 1 6 5 4 9 8 7 3
9 5 4 3 8 7 6 2 1
1 6 2 4 9 5 7 3 8
5 4 9 8 7 3 2 1 6
3 8 7 6 2 1 9 5 4
4 9 5 7 3 8 1 6 2
8 7 3 2 1 6 5 4 9
6 2 1 9 5 4 3 8 7
3
5 5 5 5 5 5 5 5 5
5 5 5 5 5 5 5 5 5
5 5 5 5 5 5 5 5 5
5 5 5 5 5 5 5 5 5
5 5 5 5 5 5 5 5 5
5 5 5 5 5 5 5 5 5
5 5 5 5 5 5 5 5 5
5 5 5 5 5 5 5 5 5
5 5 5 5 5 5 5 5 5
3
4 6 8 7 9 2 1 3 5
5 7 3 8 1 6 2 4 9
9 2 1 3 5 4 6 8 7
7 9 2 1 3 5 4 6 8
8 1 6 2 4 9 5 7 3
3 5 4 6 8 7 9 2 1
1 3 5 4 6 8 7 9 2
2 4 9 5 7 3 8 1 6
6 8 7 9 2 1 3 5 4
3
4 9 8 7 3 2 1 6 5
2 7 6 5 1 9 8 4 3
3 5 1 6 8 4 9 2 7
7 3 2 1 6 5 4 9 8
5 1 9 8 4 3 2 7 6
6 8 4 9 2 7 3 5 1
1 6 5 4 9 8 7 3 2
8 4 3 2 7 6 5 1 9
9 2 7 3 5 1 6 8 4
3
1 3 5 4 6 8 7 9 2
8 4 6 2 7 9 5 1 3
9 2 7 3 5 1 6 8 4
4 6 8 7 9 2 1 3 5
2 7 9 5 1 3 8 4 6
3 5 1 6 8 4 9 2 7
7 9 2 1 3 5 4 6 8
5 1 3 8 4 6 2 7 9
6 8 4 9 2 7 3 5 1
3
1 6 2 4 9 5 7 3 8
5 7 3 8 1 6 2 4 9
9 8 4 3 2 7 6 5 1
4 9 5 7 3 8 1 6 2
8 1 6 2 4 9 5 7 3
3 2 7 6 5 1 9 8 4
7 3 8 1 6 2 4 9 5
2 4 9 5 7 3 8 1 6
6 5 1 9 8 4 3 2 7
3
1 6 2 4 9 5 7 3 8
5 7 3 8 1 6 2 4 9
9 8 4 3 2 7 6 5 1
4 9 5 7 3 8 1 6 2
8 1 6 2 4 9 5 7 3
3 2 7 6 5 1 9 8 4
7 3 8 1 6 2 4 9 5
2 4 9 5 7 3 8 1 6
6 5 1 9 8 4 3 2 7
3
1 9 5 4 3 8 7 6 2
8 4 3 2 7 6 5 1 9
6 2 7 9 5 1 3 8 4
4 3 8 7 6 2 1 9 5
2 7 6 5 1 9 8 4 3
9 5 1 3 8 4 6 2 8
7 6 2 1 9 5 4 3 8
5 1 9 8 4 3 2 7 6
3 8 4 6 2 7 9 5 1
3
471 473 475 474 476 478 477 479 472
472 474 476 475 477 479 478 471 473
479 478 477 473 472 471 476 475 474
474 476 478 477 479 472 471 473 475
475 477 479 478 471 473 472 474 476
473 472 471 476 475 474 479 478 477
477 479 472 471 473 475 474 476 478
478 471 473 472 474 476 475 477 479
476 475 474 479 478 477 473 472 471
3
1 6 2 4 9 5 7 3 8
8 7 9 2 1 3 5 4 6
3 5 4 6 8 7 9 2 1
4 9 5 7 3 8 1 6 2
2 1 3 5 4 6 8 7 9
6 8 7 9 2 1 3 5 4
7 3 8 1 6 2 4 9 5
5 4 6 8 7 9 2 1 3
9 2 1 3 5 4 6 8 7
3
7 3 5 1 6 8 4 9 2
8 4 6 2 7 9 5 1 3
9 2 1 3 5 4 6 8 7
1 6 8 4 9 2 7 3 5
2 7 9 5 1 3 8 4 6
3 5 4 6 8 7 9 2 1
4 9 2 7 3 5 1 6 8
5 1 3 8 4 6 2 7 9
6 8 7 9 2 1 3 5 4
3
7 3 2 1 6 5 4 9 8
8 1 6 2 4 9 5 7 3
9 5 4 3 8 7 6 2 1
1 6 5 4 9 8 7 3 2
2 4 9 5 7 3 9 1 6
3 8 7 6 2 1 9 5 4
4 9 8 7 3 2 1 6 5
5 7 3 8 1 6 2 4 9
6 2 1 9 5 4 3 8 7
3
4 3 2 7 6 5 1 9 8
8 7 6 2 1 9 5 4 3
9 5 1 3 8 4 6 2 7
7 6 5 1 9 8 4 3 2
2 1 9 5 4 3 8 7 6
3 8 4 6 2 7 9 5 1
1 9 8 4 3 2 7 6 5
5 4 3 8 7 6 2 1 10
6 2 7 9 5 1 3 8 4
3
5 5 5 5 5 5 5 5 5
5 5 5 5 5 5 5 5 5
5 5 5 5 5 5 5 5 5
5 5 5 5 5 5 5 5 5
5 5 5 5 5 5 5 5 5
5 5 5 5 5 5 5 5 5
5 5 5 5 5 5 5 5 5
5 5 5 5 5 5 5 5 5
5 5 5 5 5 5 5 5 5
3
1 9 5 4 3 8 7 6 2
8 4 6 2 7 9 5 1 3
3 2 7 6 5 1 9 8 4
4 3 8 7 6 2 1 9 5
2 7 9 5 1 3 8 4 6
6 5 1 9 8 4 3 2 7
7 6 2 1 9 5 4 3 8
5 1 3 8 4 6 2 7 9
9 8 4 3 2 7 6 5 1
3
7 6 5 1 9 8 4 3 2
8 4 3 2 7 6 5 1 9
9 2 1 3 5 4 7 8 7
1 9 8 4 3 2 7 6 5
2 7 6 5 1 9 8 4 3
3 5 4 6 8 7 9 2 1
4 3 2 7 6 5 1 9 8
5 1 9 8 4 3 2 7 6
6 8 7 9 2 1 3 5 4
3
4 9 5 7 3 8 1 6 2
8 7 3 2 1 6 5 4 9
6 2 1 9 5 4 3 8 7
7 3 8 1 6 2 4 9 5
2 1 6 5 4 9 8 7 3
9 5 4 3 8 7 6 2 1
1 6 2 4 9 5 7 3 8
5 4 9 8 7 3 2 1 6
3 8 7 6 2 1 9 5 4
3
4 9 5 7 3 8 1 6 2
8 7 3 2 1 6 5 4 9
6 2 1 9 5 4 3 8 7
7 3 8 1 6 2 4 9 5
2 1 6 5 4 9 8 7 3
9 5 4 3 8 7 6 2 1
1 6 2 4 9 5 7 4 8
5 4 9 8 7 3 2 1 6
3 8 7 6 2 1 9 5 4
3
4 6 8 7 9 2 1 3 5
2 1 3 5 4 6 8 7 9
9 5 7 3 8 1 6 2 4
7 9 2 1 3 5 4 6 8
5 4 6 8 7 9 2 1 3
3 8 1 6 2 4 9 5 7
1 3 5 4 6 8 7 9 2
8 7 9 2 1 3 5 4 6
6 2 4 9 5 7 3 8 1
3
4 9 5 7 3 8 1 6 2
8 1 3 2 4 6 5 7 9
6 2 7 9 5 1 3 8 4
7 3 8 1 6 2 4 9 5
2 4 6 5 7 9 8 1 3
9 5 1 3 8 4 6 2 7
1 6 2 4 9 5 7 3 8
5 7 9 8 1 3 2 4 6
3 8 4 6 2 7 9 5 1
3
7 9 8 1 3 2 4 6 5
2 1 3 5 4 6 8 7 9
6 5 4 9 8 7 3 2 1
1 3 2 4 6 5 7 9 8
5 4 6 8 7 9 2 1 3
9 8 7 3 2 1 6 5 4
4 6 5 7 9 8 1 3 2
8 7 9 2 1 3 5 4 6
3 2 1 6 5 4 9 8 7
