10
1
0 0 30 30
1
0 0 29 29
4
0 1 0 77
0 -77 0 -1
-77 0 -1 0
1 0 77 0
100
-365 -954 -365 -954
-474 179 -474 179
-654 13 -654 13
367 555 367 555
430 -119 430 -119
860 454 860 454
-97 -355 -97 -355
-53 139 -53 139
71 91 71 91
679 390 679 390
639 -997 639 -997
262 121 262 121
-488 24 -488 24
776 -111 776 -111
-796 957 -796 957
-830 -224 -830 -224
305 -928 305 -928
219 -359 219 -359
149 994 149 994
-25 -699 -25 -699
249 -504 249 -504
798 998 798 998
-510 -345 -510 -345
247 30 247 30
42 -313 42 -313
-631 885 -631 885
-233 852 -233 852
588 -591 588 -591
826 465 826 465
-682 70 -682 70
-463 6 -463 6
-798 923 -798 923
249 823 249 823
481 -232 481 -232
-573 -570 -573 -570
-438 -929 -438 -929
-257 -814 -257 -814
-189 42 -189 42
-700 404 -700 404
-252 832 -252 832
-610 731 -610 731
-133 518 -133 518
661 -417 661 -417
509 534 509 534
-650 804 -650 804
-574 854 -574 854
700 -543 700 -543
-770 -802 -770 -802
965 -191 965 -191
-852 -36 -852 -36
203 -666 203 -666
-62 -41 -62 -41
239 -871 239 -871
-489 168 -489 168
702 648 702 648
-455 -57 -455 -57
56 185 56 185
788 245 788 245
-830 428 -830 428
-655 942 -655 942
-188 -566 -188 -566
988 -222 988 -222
713 58 713 58
102 -793 102 -793
-960 -858 -960 -858
569 -545 569 -545
-86 -148 -86 -148
-411 -775 -411 -775
221 -500 221 -500
-283 922 -283 922
62 -1 62 -1
840 196 840 196
-669 -849 -669 -849
-394 473 -394 473
-46 -144 -46 -144
708 -136 708 -136
113 -19 113 -19
246 -502 246 -502
252 179 252 179
634 405 634 405
190 -270 190 -270
-555 117 -555 117
-831 396 -831 396
678 106 678 106
665 77 665 77
266 -384 266 -384
947 -757 947 -757
-888 580 -888 580
-254 -752 -254 -752
496 901 496 901
-931 -43 -931 -43
-716 -309 -716 -309
-501 673 -501 673
885 -910 885 -910
-34 -107 -34 -107
656 118 656 118
23 -561 23 -561
-831 288 -831 288
-906 -342 -906 -342
191 449 191 449
90
-419 -37 -418 -36
-214 -571 -212 -569
-856 579 -856 581
-349 -671 -349 -669
-193 -499 -191 -498
-840 -23 -838 -23
232 564 233 564
169 -325 169 -323
-213 -683 -213 -683
-588 -491 -586 -489
-942 697 -941 699
-915 176 -913 178
726 -283 726 -282
-785 -133 -784 -131
-617 -37 -615 -35
-346 -441 -344 -441
-985 -632 -983 -631
-750 -726 -748 -726
766 -910 766 -908
905 3 906 5
-49 -218 -49 -216
434 -773 435 -773
-724 -517 -722 -516
-953 -792 -952 -791
452 -299 454 -298
979 740 980 742
852 679 852 679
-135 -530 -135 -530
801 -703 801 -701
-886 642 -886 643
-775 -784 -775 -784
368 -953 370 -953
594 -132 595 -130
-270 705 -268 706
-263 -368 -263 -366
128 -420 129 -419
-847 -67 -846 -65
-741 275 -741 276
949 544 950 545
-477 -386 -477 -386
-146 -320 -144 -318
930 949 931 949
220 -156 220 -154
716 241 718 242
585 976 586 976
-959 -589 -957 -588
-377 903 -376 906
-857 24 -856 24
118 777 119 780
-226 -434 -223 -433
-81 -762 -81 -761
-513 170 -511 171
655 -308 658 -305
-115 770 -114 772
-796 558 -793 558
821 655 823 655
482 810 485 813
-352 457 -351 459
239 291 239 293
-951 -440 -948 -437
-806 420 -803 423
789 365 790 366
-362 603 -359 603
-970 89 -968 91
934 -656 935 -654
740 -482 740 -481
217 348 218 349
-685 250 -683 251
-647 116 -645 117
306 -197 309 -197
863 21 864 25
-452 -100 -451 -98
302 -650 302 -646
125 917 126 920
794 -720 797 -719
116 428 120 431
142 -879 145 -879
-156 -552 -153 -550
434 152 437 152
-780 -226 -779 -222
331 738 334 741
847 -401 852 -395
-406 -235 -401 -235
-689 -528 -689 -523
954 -226 956 -221
-155 915 -149 918
-666 -289 -665 -286
-876 -160 -873 -156
-33 426 -32 433
893 550 893 566
1
288 770 297 787
100
989 -505 991 -504
-619 -557 -618 -555
-129 136 -127 138
-888 125 -887 127
841 -578 843 -577
172 826 173 827
-910 518 -908 520
378 -239 379 -238
-709 -605 -707 -603
-752 179 -750 181
-508 540 -506 541
835 -530 836 -529
489 -128 491 -126
795 929 796 930
-919 252 -917 253
974 -223 976 -221
987 799 988 800
-284 855 -282 856
678 481 680 482
-13 925 -11 927
-760 390 -759 392
838 17 840 18
706 918 708 919
127 426 128 427
402 480 403 481
-622 -608 -621 -607
544 -552 545 -551
910 264 912 265
947 -867 948 -865
661 -3 663 -1
196 630 197 631
-38 -916 -36 -915
-440 -367 -439 -365
-538 45 -537 46
-437 -785 -435 -783
-2 907 0 909
495 -251 497 -249
711 -1 713 1
724 -926 726 -924
531 -809 533 -807
-716 707 -714 709
519 594 521 596
531 230 533 232
-629 146 -627 148
617 759 619 761
249 367 251 369
-706 -33 -704 -31
-137 -163 -135 -161
-994 -337 -992 -335
4 -480 6 -478
-919 767 -917 769
-17 444 -15 446
932 18 934 20
-788 984 -786 986
710 281 712 283
-932 363 -930 365
-374 -134 -372 -132
-314 -105 -312 -103
398 -385 400 -383
419 -802 421 -800
698 520 700 522
-521 641 -519 643
-749 -891 -747 -889
-32 -772 -30 -770
668 -942 670 -940
388 313 390 315
-861 -81 -859 -79
-756 876 -754 878
96 998 98 1000
-177 323 -175 325
431 812 433 814
-12 -258 -10 -256
841 -598 843 -595
109 -347 111 -345
-382 -388 -381 -387
900 -755 902 -752
-229 -270 -228 -268
519 -884 522 -882
-343 384 -342 387
978 -841 980 -839
-476 -588 -473 -586
105 1 107 3
-423 -729 -422 -728
886 596 889 599
-607 770 -606 773
38 -456 40 -454
-914 313 -911 316
357 716 359 718
333 23 336 24
-321 446 -317 447
719 650 723 652
343 855 345 859
29 -969 32 -967
-369 -884 -367 -881
-72 703 -68 706
859 719 864 720
72 345 75 347
-200 477 -198 482
905 188 913 189
-438 526 -434 530
100
551 5 552 6
755 -647 756 -645
-469 -636 -468 -634
-592 527 -591 529
-884 -385 -882 -384
407 691 409 693
-860 -718 -858 -717
-859 -544 -857 -542
-429 -438 -428 -437
823 276 824 278
961 892 962 894
42 222 43 224
33 687 34 688
-12 457 -10 458
177 -80 178 -79
-285 -860 -283 -859
-374 -341 -372 -340
-115 82 -114 83
-921 -531 -919 -530
532 262 533 264
766 683 768 685
872 727 873 728
-532 546 -531 548
839 417 840 419
639 -843 640 -842
-190 28 -189 30
-553 -592 -551 -590
867 -223 868 -221
413 388 415 389
545 528 547 529
976 -203 977 -201
-250 312 -249 314
980 838 982 839
-45 229 -43 231
813 61 815 63
-956 -875 -954 -873
998 996 1000 998
219 -100 221 -98
-196 -367 -194 -365
497 -356 499 -354
509 334 511 336
607 450 609 452
-386 -651 -384 -649
5 212 7 214
578 -623 580 -621
401 300 403 302
-258 -724 -256 -722
-5 852 -3 854
139 489 141 491
-712 -898 -710 -896
896 -946 898 -944
-69 419 -67 421
550 -736 552 -734
-175 794 -173 796
-221 587 -219 589
-954 418 -952 420
746 -354 748 -352
320 605 322 607
359 -32 361 -30
-454 -746 -452 -744
528 -40 530 -38
176 283 178 285
919 116 921 118
281 401 283 403
-900 -718 -898 -716
839 996 841 998
756 -105 758 -103
668 -86 670 -84
188 -976 190 -974
-968 -953 -966 -951
-64 411 -62 413
-508 839 -506 841
-62 -2 -60 0
248 844 250 847
132 -994 134 -992
-426 -537 -424 -534
-55 -519 -52 -518
150 -309 151 -306
-520 -320 -518 -319
605 477 608 479
876 182 879 184
-444 479 -441 480
538 186 539 187
-363 687 -360 689
878 -850 880 -849
118 -777 121 -774
388 591 391 593
8 342 11 345
273 -670 275 -667
-281 -286 -278 -282
837 -208 838 -206
737 -551 741 -548
331 -763 334 -761
-705 -13 -704 -9
-37 -546 -35 -545
-134 953 -132 955
-429 -24 -423 -18
522 -216 528 -215
-730 977 -729 983
195 -936 200 -931
100
862 422 863 423
536 430 537 431
961 232 963 234
234 -999 235 -997
587 -816 588 -815
-766 -171 -765 -170
-877 -112 -876 -110
213 14 215 16
627 -824 628 -822
-488 -639 -486 -637
359 -204 360 -202
-806 111 -805 113
544 132 545 133
438 -697 439 -696
-772 121 -770 123
-796 735 -794 737
212 977 214 978
-152 -597 -151 -596
-137 -128 -136 -126
225 166 227 167
777 756 779 758
738 771 739 772
729 198 730 200
466 -444 467 -442
-697 -90 -695 -88
-360 982 -359 983
254 660 256 662
-569 906 -568 907
462 -336 463 -334
252 419 254 421
714 -571 716 -570
-870 683 -868 684
-719 840 -718 842
435 -198 436 -196
899 300 901 302
-613 -764 -611 -763
-908 -164 -906 -163
-405 -124 -403 -122
692 -488 694 -486
755 490 757 492
-285 -712 -283 -710
934 203 936 205
49 -582 51 -580
379 -872 381 -870
144 -627 146 -625
-706 -297 -704 -295
-43 668 -41 670
265 -832 267 -830
994 4 996 6
-341 819 -339 821
637 -308 639 -306
748 -495 750 -493
971 527 973 529
-59 -568 -57 -566
-301 963 -299 965
-186 -697 -184 -695
737 929 739 931
861 -116 863 -114
978 170 980 172
131 595 133 597
-493 625 -491 627
738 807 740 809
881 -465 883 -463
-295 277 -293 279
-146 -228 -144 -226
-733 -810 -731 -808
741 867 743 869
289 -682 291 -680
-556 892 -554 894
885 -328 887 -326
359 575 361 577
691 166 693 168
-286 -492 -284 -489
339 368 342 369
768 937 771 938
158 -571 160 -568
429 -955 430 -952
914 662 916 663
185 -354 188 -352
102 -910 104 -908
-503 734 -501 737
-499 -325 -498 -323
-457 -366 -456 -365
160 373 162 376
881 368 883 371
-143 154 -140 156
-919 -562 -918 -559
823 -501 826 -498
-79 -873 -77 -870
35 -330 37 -329
-957 -253 -953 -249
240 595 241 597
-553 -894 -551 -893
622 -986 626 -985
548 -737 553 -736
-936 -73 -934 -70
915 244 919 248
-347 -293 -345 -291
-108 515 -106 518
38 -67 38 -60
100
-809 -692 -808 -691
789 865 791 867
-847 381 -846 382
-435 -758 -434 -756
675 977 677 978
217 318 218 319
671 943 672 945
-437 -572 -436 -571
107 875 108 877
-64 -308 -63 -306
-486 847 -484 849
434 -210 435 -208
499 77 500 78
-189 268 -187 270
356 63 358 64
201 -569 203 -567
-765 538 -764 539
380 -791 381 -790
-341 -844 -339 -842
441 -143 443 -142
-186 92 -184 94
875 -163 876 -162
-516 796 -515 797
845 257 847 258
-492 240 -490 241
-581 -956 -580 -955
25 -822 27 -820
193 -156 195 -154
314 250 315 251
-720 605 -718 607
-700 337 -698 338
265 -290 266 -289
152 437 154 439
-617 -301 -615 -300
217 45 219 47
274 -147 275 -146
-195 781 -193 783
-409 -697 -407 -695
-314 251 -312 253
-436 717 -434 719
686 754 688 756
722 -32 724 -30
162 738 164 740
710 470 712 472
-6 517 -4 519
-701 -935 -699 -933
109 -451 111 -449
-414 -1 -412 1
-115 897 -113 899
-239 -650 -237 -648
-762 851 -760 853
492 -153 494 -151
-499 30 -497 32
32 -363 34 -361
838 895 840 897
654 -919 656 -917
-715 942 -713 944
-40 -426 -38 -424
-494 903 -492 905
-262 -484 -260 -482
-479 410 -477 412
790 -446 792 -444
516 285 518 287
-495 235 -493 237
-134 -300 -132 -298
592 558 594 560
520 290 522 292
166 -435 168 -433
7 -876 9 -874
476 806 478 808
604 4 606 6
370 764 372 766
-420 -812 -418 -810
-270 -807 -268 -804
677 75 678 78
-42 608 -41 610
-121 -231 -118 -228
177 -830 178 -829
873 -922 875 -919
431 -877 432 -875
-985 356 -983 358
-24 -516 -21 -514
-378 57 -376 60
674 311 676 313
-962 82 -959 85
10 -597 13 -595
-73 440 -71 443
803 763 806 764
-447 -410 -446 -407
400 336 404 338
35 -435 39 -433
-328 978 -325 980
917 768 921 771
-489 960 -486 961
-219 762 -216 762
-976 -751 -973 -747
753 592 753 592
-812 -101 -812 -98
689 781 694 788
-728 591 -726 595
